 variables =
 x y
 Perturbation_Pressure
 Velx
 Vely
 Velz
 zone t="  0.000000000000000E+000 ",n=           9 ,e=           9 
 ,varlocation=([3-6]=cellcentered), f=feblock,et=quadrilateral
      0.12500000E+01      0.15000000E+01      0.16712742E+01      0.15000000E+01      0.10000000E+01
      0.20000000E+01      0.20000000E+01      0.17100939E+01      0.20000000E+01
      0.56698730E+00      0.00000000E+00      0.36684114E+00      0.10000000E+01      0.10000000E+01
      0.00000000E+00      0.50000000E+00      0.71100897E+00      0.10000000E+01
      0.00000000E+00      0.00000000E+00      0.00000000E+00      0.00000000E+00      0.00000000E+00
      0.00000000E+00      0.00000000E+00      0.00000000E+00      0.00000000E+00
      0.00000000E+00      0.00000000E+00      0.00000000E+00      0.00000000E+00      0.00000000E+00
      0.00000000E+00      0.00000000E+00      0.00000000E+00      0.00000000E+00
      0.00000000E+00      0.00000000E+00      0.00000000E+00      0.00000000E+00      0.00000000E+00
      0.00000000E+00      0.00000000E+00      0.00000000E+00      0.00000000E+00
      0.30000000E+03      0.30000000E+03      0.30000000E+03      0.30000000E+03      0.30000000E+03
      0.30000000E+03      0.30000000E+03      0.30000000E+03      0.30000000E+03
       1       2       3       3
       4       5       1       1
       6       7       3       3
       2       6       3       3
       4       1       8       8
       1       3       8       8
       7       9       8       8
       9       4       8       8
       3       7       8       8
