*Heading
 /uufs/chpc.utah.edu/common/home/u1013882/gmsh-4.5.6-Linux64/mymesh/abaqusmesh2
*NODE
1, -0, 0, 0
2, -0, 1, 0
3, 2, 0, 0
4, 2, 1, 0
5, 0.099999999999799, 0, 0
6, 0.19999999999963, 0, 0
7, 0.29999999999941, 0, 0
8, 0.39999999999912, 0, 0
9, 0.49999999999882, 0, 0
10, 0.59999999999853, 0, 0
11, 0.69999999999824, 0, 0
12, 0.79999999999795, 0, 0
13, 0.89999999999766, 0, 0
14, 0.99999999999739, 0, 0
15, 1.0999999999976, 0, 0
16, 1.1999999999979, 0, 0
17, 1.2999999999982, 0, 0
18, 1.3999999999984, 0, 0
19, 1.4999999999987, 0, 0
20, 1.5999999999989, 0, 0
21, 1.6999999999992, 0, 0
22, 1.7999999999995, 0, 0
23, 1.8999999999997, 0, 0
24, 2, 0.099999999999815, 0
25, 2, 0.19999999999956, 0
26, 2, 0.29999999999927, 0
27, 2, 0.39999999999897, 0
28, 2, 0.49999999999869, 0
29, 2, 0.59999999999895, 0
30, 2, 0.69999999999921, 0
31, 2, 0.79999999999947, 0
32, 2, 0.89999999999974, 0
33, 1.8999999999996, 1, 0
34, 1.7999999999992, 1, 0
35, 1.6999999999993, 1, 0
36, 1.6, 1, 0
37, 1.5000000000007, 1, 0
38, 1.4000000000014, 1, 0
39, 1.3000000000021, 1, 0
40, 1.2000000000028, 1, 0
41, 1.1000000000035, 1, 0
42, 1.0000000000041, 1, 0
43, 0.90000000000374, 1, 0
44, 0.80000000000333, 1, 0
45, 0.70000000000291, 1, 0
46, 0.6000000000025, 1, 0
47, 0.50000000000208, 1, 0
48, 0.40000000000166, 1, 0
49, 0.30000000000125, 1, 0
50, 0.20000000000083, 1, 0
51, 0.10000000000042, 1, 0
52, 0, 0.89999999999958, 0
53, 0, 0.8, 0
54, 0, 0.70000000000069, 0
55, 0, 0.60000000000139, 0
56, 0, 0.50000000000206, 0
57, 0, 0.40000000000166, 0
58, 0, 0.30000000000125, 0
59, 0, 0.20000000000083, 0
60, 0, 0.10000000000042, 0
******* E L E M E N T S *************
*ELEMENT, type=T3D2, ELSET=Line1
1, 1, 5
2, 5, 6
3, 6, 7
4, 7, 8
5, 8, 9
6, 9, 10
7, 10, 11
8, 11, 12
9, 12, 13
10, 13, 14
11, 14, 15
12, 15, 16
13, 16, 17
14, 17, 18
15, 18, 19
16, 19, 20
17, 20, 21
18, 21, 22
19, 22, 23
20, 23, 3
*ELEMENT, type=T3D2, ELSET=Line2
21, 3, 24
22, 24, 25
23, 25, 26
24, 26, 27
25, 27, 28
26, 28, 29
27, 29, 30
28, 30, 31
29, 31, 32
30, 32, 4
*ELEMENT, type=T3D2, ELSET=Line3
31, 4, 33
32, 33, 34
33, 34, 35
34, 35, 36
35, 36, 37
36, 37, 38
37, 38, 39
38, 39, 40
39, 40, 41
40, 41, 42
41, 42, 43
42, 43, 44
43, 44, 45
44, 45, 46
45, 46, 47
46, 47, 48
47, 48, 49
48, 49, 50
49, 50, 51
50, 51, 2
*ELEMENT, type=T3D2, ELSET=Line4
51, 2, 52
52, 52, 53
53, 53, 54
54, 54, 55
55, 55, 56
56, 56, 57
57, 57, 58
58, 58, 59
59, 59, 60
60, 60, 1
*ELSET,ELSET=inlet
51, 52, 53, 54, 55, 56, 57, 58, 59, 60, 
*ELSET,ELSET=outlet
21, 22, 23, 24, 25, 26, 27, 28, 29, 30, 
*ELSET,ELSET=top_wall
31, 32, 33, 34, 35, 36, 37, 38, 39, 40, 
41, 42, 43, 44, 45, 46, 47, 48, 49, 50, 
*ELSET,ELSET=bottom_wall
1, 2, 3, 4, 5, 6, 7, 8, 9, 10, 
11, 12, 13, 14, 15, 16, 17, 18, 19, 20, 
