

 Finite element mesh (GridFE):

 Number of space dim. =   3
 Number of elements   =  484
 Number of nodes      =  273

 All elements are of the same type : dpTRUE
 Max number of nodes in an element: 3 
 Only one subdomain               : dpFALSE
 Lattice data                     ? 0



 0 Boundary indicators:  


  Nodal coordinates and nodal boundary indicators,
  the columns contain:
   - node number
   - coordinates
   - no of boundary indicators that are set (ON)
   - the boundary indicators that are set (ON) if any.
#
 1 (   -0.0000000000000000E+00 ,    0.0000000000000000E+00 ,    0.0000000000000000E+00 ) [0] 
 2 (   -0.0000000000000000E+00 ,    1.0000000000000000E+00 ,    0.0000000000000000E+00 ) [0] 
 3 (    2.0000000000000000E+00 ,    0.0000000000000000E+00 ,    0.0000000000000000E+00 ) [0] 
 4 (    2.0000000000000000E+00 ,    1.0000000000000000E+00 ,    0.0000000000000000E+00 ) [0] 
 5 (    9.9999999999799305E-02 ,    0.0000000000000000E+00 ,    0.0000000000000000E+00 ) [0] 
 6 (    1.9999999999962934E-01 ,    0.0000000000000000E+00 ,    0.0000000000000000E+00 ) [0] 
 7 (    2.9999999999940719E-01 ,    0.0000000000000000E+00 ,    0.0000000000000000E+00 ) [0] 
 8 (    3.9999999999911573E-01 ,    0.0000000000000000E+00 ,    0.0000000000000000E+00 ) [0] 
 9 (    4.9999999999882422E-01 ,    0.0000000000000000E+00 ,    0.0000000000000000E+00 ) [0] 
 10 (    5.9999999999853282E-01 ,    0.0000000000000000E+00 ,    0.0000000000000000E+00 ) [0] 
 11 (    6.9999999999824125E-01 ,    0.0000000000000000E+00 ,    0.0000000000000000E+00 ) [0] 
 12 (    7.9999999999794980E-01 ,    0.0000000000000000E+00 ,    0.0000000000000000E+00 ) [0] 
 13 (    8.9999999999765845E-01 ,    0.0000000000000000E+00 ,    0.0000000000000000E+00 ) [0] 
 14 (    9.9999999999738853E-01 ,    0.0000000000000000E+00 ,    0.0000000000000000E+00 ) [0] 
 15 (    1.0999999999976302E+00 ,    0.0000000000000000E+00 ,    0.0000000000000000E+00 ) [0] 
 16 (    1.1999999999978936E+00 ,    0.0000000000000000E+00 ,    0.0000000000000000E+00 ) [0] 
 17 (    1.2999999999981569E+00 ,    0.0000000000000000E+00 ,    0.0000000000000000E+00 ) [0] 
 18 (    1.3999999999984201E+00 ,    0.0000000000000000E+00 ,    0.0000000000000000E+00 ) [0] 
 19 (    1.4999999999986835E+00 ,    0.0000000000000000E+00 ,    0.0000000000000000E+00 ) [0] 
 20 (    1.5999999999989467E+00 ,    0.0000000000000000E+00 ,    0.0000000000000000E+00 ) [0] 
 21 (    1.6999999999992101E+00 ,    0.0000000000000000E+00 ,    0.0000000000000000E+00 ) [0] 
 22 (    1.7999999999994736E+00 ,    0.0000000000000000E+00 ,    0.0000000000000000E+00 ) [0] 
 23 (    1.8999999999997368E+00 ,    0.0000000000000000E+00 ,    0.0000000000000000E+00 ) [0] 
 24 (    2.0000000000000000E+00 ,    9.9999999999814668E-02 ,    0.0000000000000000E+00 ) [0] 
 25 (    2.0000000000000000E+00 ,    1.9999999999955786E-01 ,    0.0000000000000000E+00 ) [0] 
 26 (    2.0000000000000000E+00 ,    2.9999999999926641E-01 ,    0.0000000000000000E+00 ) [0] 
 27 (    2.0000000000000000E+00 ,    3.9999999999897490E-01 ,    0.0000000000000000E+00 ) [0] 
 28 (    2.0000000000000000E+00 ,    4.9999999999869427E-01 ,    0.0000000000000000E+00 ) [0] 
 29 (    2.0000000000000000E+00 ,    5.9999999999894682E-01 ,    0.0000000000000000E+00 ) [0] 
 30 (    2.0000000000000000E+00 ,    6.9999999999921003E-01 ,    0.0000000000000000E+00 ) [0] 
 31 (    2.0000000000000000E+00 ,    7.9999999999947335E-01 ,    0.0000000000000000E+00 ) [0] 
 32 (    2.0000000000000000E+00 ,    8.9999999999973679E-01 ,    0.0000000000000000E+00 ) [0] 
 33 (    1.8999999999995836E+00 ,    1.0000000000000000E+00 ,    0.0000000000000000E+00 ) [0] 
 34 (    1.7999999999991672E+00 ,    1.0000000000000000E+00 ,    0.0000000000000000E+00 ) [0] 
 35 (    1.6999999999993058E+00 ,    1.0000000000000000E+00 ,    0.0000000000000000E+00 ) [0] 
 36 (    1.5999999999999996E+00 ,    1.0000000000000000E+00 ,    0.0000000000000000E+00 ) [0] 
 37 (    1.5000000000006932E+00 ,    1.0000000000000000E+00 ,    0.0000000000000000E+00 ) [0] 
 38 (    1.4000000000013868E+00 ,    1.0000000000000000E+00 ,    0.0000000000000000E+00 ) [0] 
 39 (    1.3000000000020802E+00 ,    1.0000000000000000E+00 ,    0.0000000000000000E+00 ) [0] 
 40 (    1.2000000000027737E+00 ,    1.0000000000000000E+00 ,    0.0000000000000000E+00 ) [0] 
 41 (    1.1000000000034671E+00 ,    1.0000000000000000E+00 ,    0.0000000000000000E+00 ) [0] 
 42 (    1.0000000000041174E+00 ,    1.0000000000000000E+00 ,    0.0000000000000000E+00 ) [0] 
 43 (    9.0000000000374469E-01 ,    1.0000000000000000E+00 ,    0.0000000000000000E+00 ) [0] 
 44 (    8.0000000000332872E-01 ,    1.0000000000000000E+00 ,    0.0000000000000000E+00 ) [0] 
 45 (    7.0000000000291274E-01 ,    1.0000000000000000E+00 ,    0.0000000000000000E+00 ) [0] 
 46 (    6.0000000000249654E-01 ,    1.0000000000000000E+00 ,    0.0000000000000000E+00 ) [0] 
 47 (    5.0000000000208056E-01 ,    1.0000000000000000E+00 ,    0.0000000000000000E+00 ) [0] 
 48 (    4.0000000000166436E-01 ,    1.0000000000000000E+00 ,    0.0000000000000000E+00 ) [0] 
 49 (    3.0000000000124816E-01 ,    1.0000000000000000E+00 ,    0.0000000000000000E+00 ) [0] 
 50 (    2.0000000000083196E-01 ,    1.0000000000000000E+00 ,    0.0000000000000000E+00 ) [0] 
 51 (    1.0000000000041598E-01 ,    1.0000000000000000E+00 ,    0.0000000000000000E+00 ) [0] 
 52 (    0.0000000000000000E+00 ,    8.9999999999958358E-01 ,    0.0000000000000000E+00 ) [0] 
 53 (    0.0000000000000000E+00 ,    7.9999999999999982E-01 ,    0.0000000000000000E+00 ) [0] 
 54 (    0.0000000000000000E+00 ,    7.0000000000069340E-01 ,    0.0000000000000000E+00 ) [0] 
 55 (    0.0000000000000000E+00 ,    6.0000000000138687E-01 ,    0.0000000000000000E+00 ) [0] 
 56 (    0.0000000000000000E+00 ,    5.0000000000205869E-01 ,    0.0000000000000000E+00 ) [0] 
 57 (    0.0000000000000000E+00 ,    4.0000000000166436E-01 ,    0.0000000000000000E+00 ) [0] 
 58 (    0.0000000000000000E+00 ,    3.0000000000124827E-01 ,    0.0000000000000000E+00 ) [0] 
 59 (    0.0000000000000000E+00 ,    2.0000000000083218E-01 ,    0.0000000000000000E+00 ) [0] 
 60 (    0.0000000000000000E+00 ,    1.0000000000041598E-01 ,    0.0000000000000000E+00 ) [0] 
 61 (    1.2500000000024269E+00 ,    9.1339745962215679E-01 ,    0.0000000000000000E+00 ) [0] 
 62 (    9.5000000000395235E-01 ,    9.1339745962169661E-01 ,    0.0000000000000000E+00 ) [0] 
 63 (    6.5148271340749542E-01 ,    7.3875444900876830E-02 ,    0.0000000000000000E+00 ) [0] 
 64 (    1.4499999999986852E+00 ,    8.6602540378742682E-02 ,    0.0000000000000000E+00 ) [0] 
 65 (    1.1499999999980675E+00 ,    8.6602540379053419E-02 ,    0.0000000000000000E+00 ) [0] 
 66 (    5.3659251732985480E-01 ,    9.0594339588448414E-01 ,    0.0000000000000000E+00 ) [0] 
 67 (    1.9133974596215684E+00 ,    5.4999999999882054E-01 ,    0.0000000000000000E+00 ) [0] 
 68 (    8.6602540378348219E-02 ,    4.5000000000166757E-01 ,    0.0000000000000000E+00 ) [0] 
 69 (    1.5546277503998316E+00 ,    9.1196068164114819E-01 ,    0.0000000000000000E+00 ) [0] 
 70 (    3.4907980009811956E-01 ,    8.8854302072596092E-02 ,    0.0000000000000000E+00 ) [0] 
 71 (    9.5620490309082318E-01 ,    8.3630043522212205E-02 ,    0.0000000000000000E+00 ) [0] 
 72 (    8.6602540377966178E-02 ,    6.5000000000109170E-01 ,    0.0000000000000000E+00 ) [0] 
 73 (    1.9133974596218086E+00 ,    3.4999999999912068E-01 ,    0.0000000000000000E+00 ) [0] 
 74 (    1.6499999999991011E+00 ,    8.6602540378631937E-02 ,    0.0000000000000000E+00 ) [0] 
 75 (    7.5000000000312073E-01 ,    9.1339745962119590E-01 ,    0.0000000000000000E+00 ) [0] 
 76 (    3.4907980009902290E-01 ,    9.1114569792813338E-01 ,    0.0000000000000000E+00 ) [0] 
 77 (    1.7365317109252973E+00 ,    9.0939007620596002E-01 ,    0.0000000000000000E+00 ) [0] 
 78 (    8.6130670986953331E-02 ,    2.5081730176270772E-01 ,    0.0000000000000000E+00 ) [0] 
 79 (    1.9182485540290810E+00 ,    7.4434194905321027E-01 ,    0.0000000000000000E+00 ) [0] 
 80 (    8.4369630441004068E-02 ,    8.4613248654049233E-01 ,    0.0000000000000000E+00 ) [0] 
 81 (    1.8461324865400519E+00 ,    8.4369630441692947E-02 ,    0.0000000000000000E+00 ) [0] 
 82 (    1.5918256190585933E-01 ,    9.0569724744782421E-02 ,    0.0000000000000000E+00 ) [0] 
 83 (    8.6523895479885662E-02 ,    3.5013621696193520E-01 ,    0.0000000000000000E+00 ) [0] 
 84 (    1.7319197327356931E-01 ,    4.0002270282867280E-01 ,    0.0000000000000000E+00 ) [0] 
 85 (    1.7320289617585882E-01 ,    5.0000378380613020E-01 ,    0.0000000000000000E+00 ) [0] 
 86 (    2.5980507245733175E-01 ,    4.5000441444051292E-01 ,    0.0000000000000000E+00 ) [0] 
 87 (    2.5980683225812418E-01 ,    5.5000136637547525E-01 ,    0.0000000000000000E+00 ) [0] 
 88 (    3.4640960525372022E-01 ,    5.0000096347064105E-01 ,    0.0000000000000000E+00 ) [0] 
 89 (    3.4641016151275555E-01 ,    4.0000000000222730E-01 ,    0.0000000000000000E+00 ) [0] 
 90 (    4.3386206995214988E-01 ,    4.4919124617137574E-01 ,    0.0000000000000000E+00 ) [0] 
 91 (    4.3333142099774596E-01 ,    5.4991278480168471E-01 ,    0.0000000000000000E+00 ) [0] 
 92 (    5.1961524226910727E-01 ,    5.0000000000222278E-01 ,    0.0000000000000000E+00 ) [0] 
 93 (    5.1961524226923428E-01 ,    4.0000000000242542E-01 ,    0.0000000000000000E+00 ) [0] 
 94 (    6.0625142199640458E-01 ,    4.5005826506394109E-01 ,    0.0000000000000000E+00 ) [0] 
 95 (    6.0636683513277934E-01 ,    5.5003790211746617E-01 ,    0.0000000000000000E+00 ) [0] 
 96 (    6.9286362041345628E-01 ,    4.9999377317969751E-01 ,    0.0000000000000000E+00 ) [0] 
 97 (    6.9286678516418798E-01 ,    4.0006693810385585E-01 ,    0.0000000000000000E+00 ) [0] 
 98 (    7.7943782332509370E-01 ,    4.5001011854899353E-01 ,    0.0000000000000000E+00 ) [0] 
 99 (    7.7947144490313092E-01 ,    5.4993198663137433E-01 ,    0.0000000000000000E+00 ) [0] 
 100 (    8.6603599401907538E-01 ,    4.9999035086516669E-01 ,    0.0000000000000000E+00 ) [0] 
 101 (    8.6602966214207477E-01 ,    4.0000007823752026E-01 ,    0.0000000000000000E+00 ) [0] 
 102 (    9.5263041892683398E-01 ,    4.4999840485230319E-01 ,    0.0000000000000000E+00 ) [0] 
 103 (    9.5262905513031504E-01 ,    5.4999904385571718E-01 ,    0.0000000000000000E+00 ) [0] 
 104 (    1.0392310821617061E+00 ,    4.9999957478655543E-01 ,    0.0000000000000000E+00 ) [0] 
 105 (    1.0365135895114821E+00 ,    5.9529347632088281E-01 ,    0.0000000000000000E+00 ) [0] 
 106 (    1.1253803086832497E+00 ,    5.4921550851979317E-01 ,    0.0000000000000000E+00 ) [0] 
 107 (    1.1257576718155726E+00 ,    4.4986918055304798E-01 ,    0.0000000000000000E+00 ) [0] 
 108 (    1.2123475537397894E+00 ,    4.9984744818080357E-01 ,    0.0000000000000000E+00 ) [0] 
 109 (    1.2103357436366624E+00 ,    4.0354260994375091E-01 ,    0.0000000000000000E+00 ) [0] 
 110 (    1.2966161931319280E+00 ,    4.5412831221633987E-01 ,    0.0000000000000000E+00 ) [0] 
 111 (    1.2986197849910326E+00 ,    5.5066262673480981E-01 ,    0.0000000000000000E+00 ) [0] 
 112 (    1.3831100001751546E+00 ,    5.0436179235414014E-01 ,    0.0000000000000000E+00 ) [0] 
 113 (    1.3851491516255772E+00 ,    6.0083740318342782E-01 ,    0.0000000000000000E+00 ) [0] 
 114 (    1.4717394963799579E+00 ,    5.5086653259176421E-01 ,    0.0000000000000000E+00 ) [0] 
 115 (    1.4618699319732162E+00 ,    4.3900261451930300E-01 ,    0.0000000000000000E+00 ) [0] 
 116 (    1.5583724653046798E+00 ,    5.0063171497004799E-01 ,    0.0000000000000000E+00 ) [0] 
 117 (    1.5662504917784541E+00 ,    6.0510609103601420E-01 ,    0.0000000000000000E+00 ) [0] 
 118 (    1.5588457268091167E+00 ,    4.0000000000363323E-01 ,    0.0000000000000000E+00 ) [0] 
 119 (    1.2990381056743252E+00 ,    3.5000000000321907E-01 ,    0.0000000000000000E+00 ) [0] 
 120 (    1.6467089528503758E+00 ,    4.5242547628063395E-01 ,    0.0000000000000000E+00 ) [0] 
 121 (    1.1139441352905368E+00 ,    6.5766176951976452E-01 ,    0.0000000000000000E+00 ) [0] 
 122 (    1.1264134570739361E+00 ,    3.5189108204544650E-01 ,    0.0000000000000000E+00 ) [0] 
 123 (    9.4906283829759408E-01 ,    6.4367940800482970E-01 ,    0.0000000000000000E+00 ) [0] 
 124 (    1.6461410826400957E+00 ,    3.5124030901070002E-01 ,    0.0000000000000000E+00 ) [0] 
 125 (    1.5567638088855713E+00 ,    3.0718616099576157E-01 ,    0.0000000000000000E+00 ) [0] 
 126 (    1.2989828447951348E+00 ,    6.5009110969130934E-01 ,    0.0000000000000000E+00 ) [0] 
 127 (    1.3855495201678840E+00 ,    7.0015475214751288E-01 ,    0.0000000000000000E+00 ) [0] 
 128 (    9.5262906634847844E-01 ,    3.4999974718355353E-01 ,    0.0000000000000000E+00 ) [0] 
 129 (    8.6602630054040186E-01 ,    2.9999997090536024E-01 ,    0.0000000000000000E+00 ) [0] 
 130 (    1.7317527311706891E+00 ,    4.0061096421784992E-01 ,    0.0000000000000000E+00 ) [0] 
 131 (    1.7401916127513417E+00 ,    3.0744830408547608E-01 ,    0.0000000000000000E+00 ) [0] 
 132 (    1.7335683503782588E+00 ,    5.0184263987941757E-01 ,    0.0000000000000000E+00 ) [0] 
 133 (    1.2999111675018213E+00 ,    7.4848653131206755E-01 ,    0.0000000000000000E+00 ) [0] 
 134 (    1.3866684283310058E+00 ,    7.9821910158213094E-01 ,    0.0000000000000000E+00 ) [0] 
 135 (    1.4749738493547930E+00 ,    7.4989036156996314E-01 ,    0.0000000000000000E+00 ) [0] 
 136 (    9.5850164219863299E-01 ,    2.4393494495059559E-01 ,    0.0000000000000000E+00 ) [0] 
 137 (    8.6095934992202561E-01 ,    1.9811766100205680E-01 ,    0.0000000000000000E+00 ) [0] 
 138 (    7.7857867055376073E-01 ,    2.4968627198636711E-01 ,    0.0000000000000000E+00 ) [0] 
 139 (    7.7391492303081799E-01 ,    1.5529651080531887E-01 ,    0.0000000000000000E+00 ) [0] 
 140 (    1.8186533479439189E+00 ,    4.5000000000395879E-01 ,    0.0000000000000000E+00 ) [0] 
 141 (    6.9339232482762791E-01 ,    2.0612138420912102E-01 ,    0.0000000000000000E+00 ) [0] 
 142 (    1.4702164380684284E+00 ,    8.4830058156245303E-01 ,    0.0000000000000000E+00 ) [0] 
 143 (    1.5612836067430811E+00 ,    8.0629960316877869E-01 ,    0.0000000000000000E+00 ) [0] 
 144 (    1.6450382291719512E+00 ,    8.5883309196182778E-01 ,    0.0000000000000000E+00 ) [0] 
 145 (    1.6514540327846561E+00 ,    7.6303819404401074E-01 ,    0.0000000000000000E+00 ) [0] 
 146 (    1.5655957131693539E+00 ,    7.0643051501531429E-01 ,    0.0000000000000000E+00 ) [0] 
 147 (    1.6647090293502038E+00 ,    6.6454077410822021E-01 ,    0.0000000000000000E+00 ) [0] 
 148 (    1.7530458186308071E+00 ,    7.3918137020935348E-01 ,    0.0000000000000000E+00 ) [0] 
 149 (    1.7603336153161264E+00 ,    6.2739347150990010E-01 ,    0.0000000000000000E+00 ) [0] 
 150 (    1.6534856426696569E+00 ,    5.6392114269869231E-01 ,    0.0000000000000000E+00 ) [0] 
 151 (    1.3903387172075603E+00 ,    8.9125650732485528E-01 ,    0.0000000000000000E+00 ) [0] 
 152 (    1.7311114379494100E-01 ,    3.0016270359347319E-01 ,    0.0000000000000000E+00 ) [0] 
 153 (    1.7030182383140871E-01 ,    1.9940892344585753E-01 ,    0.0000000000000000E+00 ) [0] 
 154 (    2.6004837297511901E-01 ,    2.4992860450856882E-01 ,    0.0000000000000000E+00 ) [0] 
 155 (    2.5697154893498442E-01 ,    1.4949391105856241E-01 ,    0.0000000000000000E+00 ) [0] 
 156 (    3.4790670561579101E-01 ,    1.9687478142099279E-01 ,    0.0000000000000000E+00 ) [0] 
 157 (    4.4242563903834969E-01 ,    1.4669667928481789E-01 ,    0.0000000000000000E+00 ) [0] 
 158 (    4.3737014905479371E-01 ,    2.4668165921537066E-01 ,    0.0000000000000000E+00 ) [0] 
 159 (    5.2519338471967492E-01 ,    1.9616807429000904E-01 ,    0.0000000000000000E+00 ) [0] 
 160 (    5.2283897640554566E-01 ,    2.9608903544782456E-01 ,    0.0000000000000000E+00 ) [0] 
 161 (    3.4901154241199267E-01 ,    2.9864661413162796E-01 ,    0.0000000000000000E+00 ) [0] 
 162 (    1.0500000000038270E+00 ,    9.1339745962193775E-01 ,    0.0000000000000000E+00 ) [0] 
 163 (    1.0000019493158165E+00 ,    8.2767037831495571E-01 ,    0.0000000000000000E+00 ) [0] 
 164 (    9.0009369648851456E-01 ,    8.3492823621102019E-01 ,    0.0000000000000000E+00 ) [0] 
 165 (    1.1000215031053651E+00 ,    8.2564434493736427E-01 ,    0.0000000000000000E+00 ) [0] 
 166 (    1.0541372003047860E+00 ,    7.4589210816534468E-01 ,    0.0000000000000000E+00 ) [0] 
 167 (    1.9178616013878254E+00 ,    6.5276286285213692E-01 ,    0.0000000000000000E+00 ) [0] 
 168 (    1.8475661078734369E+00 ,    9.1669404847809255E-01 ,    0.0000000000000000E+00 ) [0] 
 169 (    1.8022029806136015E+00 ,    8.3381065281435696E-01 ,    0.0000000000000000E+00 ) [0] 
 170 (    1.2124355652958545E+00 ,    7.0000000000254936E-01 ,    0.0000000000000000E+00 ) [0] 
 171 (    1.2091354280206488E+00 ,    8.0905794950823107E-01 ,    0.0000000000000000E+00 ) [0] 
 172 (    8.6602176281373705E-02 ,    5.5000063063565374E-01 ,    0.0000000000000000E+00 ) [0] 
 173 (    1.7320452449724028E-01 ,    6.0000096347012555E-01 ,    0.0000000000000000E+00 ) [0] 
 174 (    2.5980739694502880E-01 ,    6.5000038830847418E-01 ,    0.0000000000000000E+00 ) [0] 
 175 (    1.7320495068133573E-01 ,    7.0000022529693828E-01 ,    0.0000000000000000E+00 ) [0] 
 176 (    2.5980756209012906E-01 ,    7.5000010226831737E-01 ,    0.0000000000000000E+00 ) [0] 
 177 (    3.4650996731116990E-01 ,    7.0000008176387907E-01 ,    0.0000000000000000E+00 ) [0] 
 178 (    3.4716365180657893E-01 ,    8.0251739939277533E-01 ,    0.0000000000000000E+00 ) [0] 
 179 (    4.3339647899148004E-01 ,    7.5061773697088241E-01 ,    0.0000000000000000E+00 ) [0] 
 180 (    2.5980762113361555E-01 ,    8.5000000000110854E-01 ,    0.0000000000000000E+00 ) [0] 
 181 (    4.3811254751259732E-01 ,    8.5178437298262843E-01 ,    0.0000000000000000E+00 ) [0] 
 182 (    5.2047873092177521E-01 ,    8.0052033186618932E-01 ,    0.0000000000000000E+00 ) [0] 
 183 (    5.2016254879225543E-01 ,    7.0024569814846238E-01 ,    0.0000000000000000E+00 ) [0] 
 184 (    6.0583923396806383E-01 ,    7.4820673129129611E-01 ,    0.0000000000000000E+00 ) [0] 
 185 (    6.0644200565691153E-01 ,    6.4972955378459962E-01 ,    0.0000000000000000E+00 ) [0] 
 186 (    6.9308034858331102E-01 ,    6.9945045499100789E-01 ,    0.0000000000000000E+00 ) [0] 
 187 (    6.9712893010073229E-01 ,    8.1438732157307814E-01 ,    0.0000000000000000E+00 ) [0] 
 188 (    7.8110111578692187E-01 ,    7.4546581240431886E-01 ,    0.0000000000000000E+00 ) [0] 
 189 (    4.3339983005797084E-01 ,    6.5012628581587673E-01 ,    0.0000000000000000E+00 ) [0] 
 190 (    6.5000000000281410E-01 ,    9.1339745962125918E-01 ,    0.0000000000000000E+00 ) [0] 
 191 (    8.5000569099498269E-01 ,    9.1456192935893932E-01 ,    0.0000000000000000E+00 ) [0] 
 192 (    1.7493554144227466E+00 ,    8.6230388722459875E-02 ,    0.0000000000000000E+00 ) [0] 
 193 (    1.7992479834933823E+00 ,    1.6747205903176654E-01 ,    0.0000000000000000E+00 ) [0] 
 194 (    1.9078840130238925E+00 ,    1.6212205590940912E-01 ,    0.0000000000000000E+00 ) [0] 
 195 (    1.8369493084627990E+00 ,    2.5929385305807134E-01 ,    0.0000000000000000E+00 ) [0] 
 196 (    1.6994913120256439E+00 ,    1.6609016650578468E-01 ,    0.0000000000000000E+00 ) [0] 
 197 (    1.5996392977102958E+00 ,    1.6576156064018285E-01 ,    0.0000000000000000E+00 ) [0] 
 198 (    1.5499398829507725E+00 ,    8.5361953692479897E-02 ,    0.0000000000000000E+00 ) [0] 
 199 (    1.4999298634427420E+00 ,    1.6629856910953161E-01 ,    0.0000000000000000E+00 ) [0] 
 200 (    1.3999883105727262E+00 ,    1.7205399548281913E-01 ,    0.0000000000000000E+00 ) [0] 
 201 (    1.4634190789319954E+00 ,    2.6125845232780842E-01 ,    0.0000000000000000E+00 ) [0] 
 202 (    1.3507559217178953E+00 ,    2.6004386897411413E-01 ,    0.0000000000000000E+00 ) [0] 
 203 (    1.3001240387141531E+00 ,    1.7305260785153576E-01 ,    0.0000000000000000E+00 ) [0] 
 204 (    1.2499863443502994E+00 ,    2.5567075697480157E-01 ,    0.0000000000000000E+00 ) [0] 
 205 (    1.4021642135524397E+00 ,    3.4660596945331679E-01 ,    0.0000000000000000E+00 ) [0] 
 206 (    1.2000067045093918E+00 ,    1.7272445606990941E-01 ,    0.0000000000000000E+00 ) [0] 
 207 (    1.2500217905360271E+00 ,    8.6497024113256743E-02 ,    0.0000000000000000E+00 ) [0] 
 208 (    1.1009394976073470E+00 ,    1.6668283936785205E-01 ,    0.0000000000000000E+00 ) [0] 
 209 (    6.9280400243247620E-01 ,    3.0014532129089283E-01 ,    0.0000000000000000E+00 ) [0] 
 210 (    1.4741240321320490E+00 ,    6.5158162566083611E-01 ,    0.0000000000000000E+00 ) [0] 
 211 (    1.0514275463396674E+00 ,    8.5139070331305702E-02 ,    0.0000000000000000E+00 ) [0] 
 212 (    1.2102850321325995E+00 ,    6.0124641044150484E-01 ,    0.0000000000000000E+00 ) [0] 
 213 (    7.7929054069299908E-01 ,    3.4998478317883164E-01 ,    0.0000000000000000E+00 ) [0] 
 214 (    8.6550803577562940E-01 ,    5.9881648346732974E-01 ,    0.0000000000000000E+00 ) [0] 
 215 (    5.3846847055339453E-01 ,    9.1411594117245559E-02 ,    0.0000000000000000E+00 ) [0] 
 216 (    1.0393153634776353E+00 ,    4.0029299823730735E-01 ,    0.0000000000000000E+00 ) [0] 
 217 (    1.0462738036116757E+00 ,    3.0497993353209135E-01 ,    0.0000000000000000E+00 ) [0] 
 218 (    1.3500223566363614E+00 ,    8.6367694637725714E-02 ,    0.0000000000000000E+00 ) [0] 
 219 (    1.1515261551897513E+00 ,    9.1024953561494837E-01 ,    0.0000000000000000E+00 ) [0] 
 220 (    3.4654417547062666E-01 ,    6.0000697842267181E-01 ,    0.0000000000000000E+00 ) [0] 
 221 (    8.6230367042719691E-02 ,    7.4935545197328146E-01 ,    0.0000000000000000E+00 ) [0] 
 222 (    2.5980762113485895E-01 ,    3.5000000000263298E-01 ,    0.0000000000000000E+00 ) [0] 
 223 (    1.7277086869070218E-01 ,    7.9924804434659413E-01 ,    0.0000000000000000E+00 ) [0] 
 224 (    1.6287902871778367E-01 ,    9.0788402171777138E-01 ,    0.0000000000000000E+00 ) [0] 
 225 (    6.9296720954791025E-01 ,    5.9981087114490916E-01 ,    0.0000000000000000E+00 ) [0] 
 226 (    5.1988631381779493E-01 ,    6.0000870411171869E-01 ,    0.0000000000000000E+00 ) [0] 
 227 (    7.7973300571711546E-01 ,    6.4884202732008689E-01 ,    0.0000000000000000E+00 ) [0] 
 228 (    6.0654124578961977E-01 ,    3.4967598497511299E-01 ,    0.0000000000000000E+00 ) [0] 
 229 (    8.6266087086364607E-01 ,    6.9234573647836628E-01 ,    0.0000000000000000E+00 ) [0] 
 230 (    4.3644716570973191E-01 ,    3.4682418988195984E-01 ,    0.0000000000000000E+00 ) [0] 
 231 (    8.5300701929663103E-01 ,    9.5165416498797950E-02 ,    0.0000000000000000E+00 ) [0] 
 232 (    1.9290896534374593E+00 ,    4.4999999999991386E-01 ,    0.0000000000000000E+00 ) [0] 
 233 (    6.0649111410318635E-01 ,    2.4789587560538795E-01 ,    0.0000000000000000E+00 ) [0] 
 234 (    1.8152378914504892E+00 ,    5.4891304372434857E-01 ,    0.0000000000000000E+00 ) [0] 
 235 (    1.1392004428177342E+00 ,    2.5729499633460218E-01 ,    0.0000000000000000E+00 ) [0] 
 236 (    1.8131614674701124E+00 ,    3.5090343197742285E-01 ,    0.0000000000000000E+00 ) [0] 
 237 (    9.4923550226358988E-01 ,    7.4325764989508458E-01 ,    0.0000000000000000E+00 ) [0] 
 238 (    1.0079711401414206E+00 ,    1.6108752068807794E-01 ,    0.0000000000000000E+00 ) [0] 
 239 (    1.9056713239504695E+00 ,    8.4179958206826222E-01 ,    0.0000000000000000E+00 ) [0] 
 240 (    8.2127537517463614E-02 ,    1.5306787810424133E-01 ,    0.0000000000000000E+00 ) [0] 
 241 (    1.6483444742402142E+00 ,    2.5501637776828301E-01 ,    0.0000000000000000E+00 ) [0] 
 242 (    1.8365000151892983E+00 ,    6.9738036847484941E-01 ,    0.0000000000000000E+00 ) [0] 
 243 (    1.3069482806332808E+00 ,    8.4466909842374482E-01 ,    0.0000000000000000E+00 ) [0] 
 244 (    8.0245560944931094E-01 ,    8.3507541514183303E-01 ,    0.0000000000000000E+00 ) [0] 
 245 (    6.0119181719482029E-01 ,    8.3833486357977582E-01 ,    0.0000000000000000E+00 ) [0] 
 246 (    1.1379165124613111E+00 ,    7.4716878365170691E-01 ,    0.0000000000000000E+00 ) [0] 
 247 (    1.4872515696260344E+00 ,    3.5000000000361148E-01 ,    0.0000000000000000E+00 ) [0] 
 248 (    6.1478248422136728E-01 ,    1.5757246762501964E-01 ,    0.0000000000000000E+00 ) [0] 
 249 (    7.4999999999809530E-01 ,    6.9552349638313832E-02 ,    0.0000000000000000E+00 ) [0] 
 250 (    1.7176545544252626E+00 ,    8.2085067704710168E-01 ,    0.0000000000000000E+00 ) [0] 
 251 (    2.5304678218759996E-01 ,    6.5783587575188193E-02 ,    0.0000000000000000E+00 ) [0] 
 252 (    1.9316461562217002E+00 ,    2.5428318179308507E-01 ,    0.0000000000000000E+00 ) [0] 
 253 (    2.5113319710366933E-01 ,    9.3321918930361969E-01 ,    0.0000000000000000E+00 ) [0] 
 254 (    4.5000000000187240E-01 ,    9.3474373646727849E-01 ,    0.0000000000000000E+00 ) [0] 
 255 (    4.4599478193756081E-01 ,    6.5392515094931908E-02 ,    0.0000000000000000E+00 ) [0] 
 256 (    1.4630365811355803E+00 ,    9.3030355410569132E-01 ,    0.0000000000000000E+00 ) [0] 
 257 (    1.3732970040142807E+00 ,    4.2137981516406964E-01 ,    0.0000000000000000E+00 ) [0] 
 258 (    1.2025483768924166E+00 ,    3.2263130548106556E-01 ,    0.0000000000000000E+00 ) [0] 
 259 (    1.8486661165930613E+00 ,    6.1528994931201120E-01 ,    0.0000000000000000E+00 ) [0] 
 260 (    7.3205080756876012E-02 ,    9.2679491924312407E-01 ,    0.0000000000000000E+00 ) [0] 
 261 (    1.9267949192428429E+00 ,    7.3205080757036911E-02 ,    0.0000000000000000E+00 ) [0] 
 262 (    1.9267949192428127E+00 ,    9.2679491924285395E-01 ,    0.0000000000000000E+00 ) [0] 
 263 (    7.3205080756643781E-02 ,    7.3205080756809038E-02 ,    0.0000000000000000E+00 ) [0] 
 264 (    1.6492814291176310E+00 ,    9.3938079507687111E-01 ,    0.0000000000000000E+00 ) [0] 
 265 (    9.2900744150656223E-01 ,    1.5840456000206016E-01 ,    0.0000000000000000E+00 ) [0] 
 266 (    1.7499999999993354E+00 ,    2.2801455237630547E-01 ,    0.0000000000000000E+00 ) [0] 
 267 (    8.5054853373050632E-01 ,    7.7182555438038403E-01 ,    0.0000000000000000E+00 ) [0] 
 268 (    1.0229274057815794E+00 ,    6.7176223927502832E-01 ,    0.0000000000000000E+00 ) [0] 
 269 (    1.5499999999990379E+00 ,    2.2705265805242605E-01 ,    0.0000000000000000E+00 ) [0] 
 270 (    1.0505773052753620E+00 ,    2.2679604697464384E-01 ,    0.0000000000000000E+00 ) [0] 
 271 (    7.0014427042348881E-01 ,    1.3154918890419282E-01 ,    0.0000000000000000E+00 ) [0] 
 272 (    1.3235624675474986E+00 ,    9.3034006734129804E-01 ,    0.0000000000000000E+00 ) [0] 
 273 (    1.8448867058943554E+00 ,    7.7095550489011311E-01 ,    0.0000000000000000E+00 ) [0] 


  Element types and connectivity
  the columns contain:
   - element number
   - element type
   - subdomain number 
   - the global node numbers of the nodes in the element.
#
1 ElmT3n2D 1  132 149 150
2 ElmT3n2D 1  73 140 236
3 ElmT3n2D 1  140 73 232
4 ElmT3n2D 1  67 140 232
5 ElmT3n2D 1  140 67 234
6 ElmT3n2D 1  171 61 219
7 ElmT3n2D 1  187 75 190
8 ElmT3n2D 1  66 181 182
9 ElmT3n2D 1  165 171 219
10 ElmT3n2D 1  159 157 215
11 ElmT3n2D 1  153 82 155
12 ElmT3n2D 1  149 132 234
13 ElmT3n2D 1  75 187 244
14 ElmT3n2D 1  181 66 254
15 ElmT3n2D 1  215 157 255
16 ElmT3n2D 1  147 117 150
17 ElmT3n2D 1  146 117 147
18 ElmT3n2D 1  24 25 194
19 ElmT3n2D 1  50 51 224
20 ElmT3n2D 1  149 147 150
21 ElmT3n2D 1  155 82 251
22 ElmT3n2D 1  115 205 247
23 ElmT3n2D 1  116 120 150
24 ElmT3n2D 1  146 135 210
25 ElmT3n2D 1  205 115 257
26 ElmT3n2D 1  131 195 236
27 ElmT3n2D 1  155 70 156
28 ElmT3n2D 1  178 76 180
29 ElmT3n2D 1  195 131 266
30 ElmT3n2D 1  24 194 261
31 ElmT3n2D 1  224 51 260
32 ElmT3n2D 1  69 143 144
33 ElmT3n2D 1  187 190 245
34 ElmT3n2D 1  156 70 157
35 ElmT3n2D 1  76 178 181
36 ElmT3n2D 1  122 217 235
37 ElmT3n2D 1  61 171 243
38 ElmT3n2D 1  117 146 210
39 ElmT3n2D 1  168 169 239
40 ElmT3n2D 1  117 116 150
41 ElmT3n2D 1  120 132 150
42 ElmT3n2D 1  137 139 231
43 ElmT3n2D 1  69 142 143
44 ElmT3n2D 1  77 144 250
45 ElmT3n2D 1  144 77 264
46 ElmT3n2D 1  143 135 146
47 ElmT3n2D 1  82 153 240
48 ElmT3n2D 1  166 121 246
49 ElmT3n2D 1  90 89 230
50 ElmT3n2D 1  235 217 270
51 ElmT3n2D 1  121 166 268
52 ElmT3n2D 1  137 231 265
53 ElmT3n2D 1  209 228 233
54 ElmT3n2D 1  201 125 247
55 ElmT3n2D 1  239 169 273
56 ElmT3n2D 1  154 161 222
57 ElmT3n2D 1  187 188 244
58 ElmT3n2D 1  178 179 181
59 ElmT3n2D 1  195 73 236
60 ElmT3n2D 1  125 201 269
61 ElmT3n2D 1  66 182 245
62 ElmT3n2D 1  169 148 273
63 ElmT3n2D 1  202 119 204
64 ElmT3n2D 1  148 169 250
65 ElmT3n2D 1  181 179 182
66 ElmT3n2D 1  89 161 230
67 ElmT3n2D 1  144 143 145
68 ElmT3n2D 1  156 157 158
69 ElmT3n2D 1  171 165 246
70 ElmT3n2D 1  119 202 205
71 ElmT3n2D 1  93 160 228
72 ElmT3n2D 1  161 89 222
73 ElmT3n2D 1  154 156 161
74 ElmT3n2D 1  93 90 230
75 ElmT3n2D 1  228 160 233
76 ElmT3n2D 1  182 179 183
77 ElmT3n2D 1  145 143 146
78 ElmT3n2D 1  158 157 159
79 ElmT3n2D 1  160 93 230
80 ElmT3n2D 1  156 158 161
81 ElmT3n2D 1  189 177 220
82 ElmT3n2D 1  180 76 253
83 ElmT3n2D 1  70 155 251
84 ElmT3n2D 1  73 195 252
85 ElmT3n2D 1  91 92 226
86 ElmT3n2D 1  141 209 233
87 ElmT3n2D 1  91 189 220
88 ElmT3n2D 1  179 177 189
89 ElmT3n2D 1  182 183 184
90 ElmT3n2D 1  145 146 147
91 ElmT3n2D 1  158 159 160
92 ElmT3n2D 1  189 91 226
93 ElmT3n2D 1  183 179 189
94 ElmT3n2D 1  184 183 185
95 ElmT3n2D 1  145 147 148
96 ElmT3n2D 1  92 95 226
97 ElmT3n2D 1  184 185 186
98 ElmT3n2D 1  148 147 149
99 ElmT3n2D 1  184 186 187
100 ElmT3n2D 1  187 186 188
101 ElmT3n2D 1  14 15 211
102 ElmT3n2D 1  68 83 84
103 ElmT3n2D 1  65 206 208
104 ElmT3n2D 1  206 65 207
105 ElmT3n2D 1  68 57 83
106 ElmT3n2D 1  56 57 68
107 ElmT3n2D 1  65 16 207
108 ElmT3n2D 1  71 14 211
109 ElmT3n2D 1  152 78 153
110 ElmT3n2D 1  16 17 207
111 ElmT3n2D 1  67 29 167
112 ElmT3n2D 1  56 68 172
113 ElmT3n2D 1  15 65 211
114 ElmT3n2D 1  42 43 62
115 ElmT3n2D 1  17 18 218
116 ElmT3n2D 1  28 29 67
117 ElmT3n2D 1  83 78 152
118 ElmT3n2D 1  58 78 83
119 ElmT3n2D 1  164 62 191
120 ElmT3n2D 1  170 121 212
121 ElmT3n2D 1  172 85 173
122 ElmT3n2D 1  85 87 173
123 ElmT3n2D 1  55 56 172
124 ElmT3n2D 1  207 17 218
125 ElmT3n2D 1  152 153 154
126 ElmT3n2D 1  57 58 83
127 ElmT3n2D 1  72 55 172
128 ElmT3n2D 1  34 77 168
129 ElmT3n2D 1  62 43 191
130 ElmT3n2D 1  30 79 167
131 ElmT3n2D 1  68 84 85
132 ElmT3n2D 1  34 35 77
133 ElmT3n2D 1  168 77 169
134 ElmT3n2D 1  175 174 176
135 ElmT3n2D 1  33 34 168
136 ElmT3n2D 1  64 198 199
137 ElmT3n2D 1  192 81 193
138 ElmT3n2D 1  64 199 200
139 ElmT3n2D 1  154 153 155
140 ElmT3n2D 1  46 66 190
141 ElmT3n2D 1  22 81 192
142 ElmT3n2D 1  29 30 167
143 ElmT3n2D 1  121 106 212
144 ElmT3n2D 1  192 193 196
145 ElmT3n2D 1  193 81 194
146 ElmT3n2D 1  68 85 172
147 ElmT3n2D 1  44 45 75
148 ElmT3n2D 1  30 31 79
149 ElmT3n2D 1  135 127 210
150 ElmT3n2D 1  127 113 210
151 ElmT3n2D 1  154 155 156
152 ElmT3n2D 1  173 174 175
153 ElmT3n2D 1  65 208 211
154 ElmT3n2D 1  75 45 190
155 ElmT3n2D 1  193 194 195
156 ElmT3n2D 1  198 197 199
157 ElmT3n2D 1  44 75 191
158 ElmT3n2D 1  42 62 162
159 ElmT3n2D 1  200 199 201
160 ElmT3n2D 1  64 19 198
161 ElmT3n2D 1  74 192 196
162 ElmT3n2D 1  58 59 78
163 ElmT3n2D 1  126 170 212
164 ElmT3n2D 1  111 126 212
165 ElmT3n2D 1  133 127 134
166 ElmT3n2D 1  74 197 198
167 ElmT3n2D 1  101 98 213
168 ElmT3n2D 1  173 87 174
169 ElmT3n2D 1  126 127 133
170 ElmT3n2D 1  126 113 127
171 ElmT3n2D 1  105 106 121
172 ElmT3n2D 1  18 64 218
173 ElmT3n2D 1  48 49 76
174 ElmT3n2D 1  134 142 151
175 ElmT3n2D 1  22 23 81
176 ElmT3n2D 1  162 163 165
177 ElmT3n2D 1  74 21 192
178 ElmT3n2D 1  111 113 126
179 ElmT3n2D 1  97 209 213
180 ElmT3n2D 1  202 201 205
181 ElmT3n2D 1  111 112 113
182 ElmT3n2D 1  134 135 142
183 ElmT3n2D 1  108 110 111
184 ElmT3n2D 1  114 117 210
185 ElmT3n2D 1  43 44 191
186 ElmT3n2D 1  113 114 210
187 ElmT3n2D 1  120 130 132
188 ElmT3n2D 1  114 116 117
189 ElmT3n2D 1  72 172 173
190 ElmT3n2D 1  20 74 198
191 ElmT3n2D 1  200 201 202
192 ElmT3n2D 1  74 196 197
193 ElmT3n2D 1  20 21 74
194 ElmT3n2D 1  137 129 138
195 ElmT3n2D 1  15 16 65
196 ElmT3n2D 1  137 138 139
197 ElmT3n2D 1  21 22 192
198 ElmT3n2D 1  139 138 141
199 ElmT3n2D 1  98 97 213
200 ElmT3n2D 1  103 104 105
201 ElmT3n2D 1  111 110 112
202 ElmT3n2D 1  105 104 106
203 ElmT3n2D 1  134 127 135
204 ElmT3n2D 1  106 108 212
205 ElmT3n2D 1  18 19 64
206 ElmT3n2D 1  132 130 140
207 ElmT3n2D 1  129 101 213
208 ElmT3n2D 1  113 112 114
209 ElmT3n2D 1  162 62 163
210 ElmT3n2D 1  45 46 190
211 ElmT3n2D 1  46 47 66
212 ElmT3n2D 1  7 8 70
213 ElmT3n2D 1  108 111 212
214 ElmT3n2D 1  170 133 171
215 ElmT3n2D 1  19 20 198
216 ElmT3n2D 1  141 138 209
217 ElmT3n2D 1  103 105 123
218 ElmT3n2D 1  203 202 204
219 ElmT3n2D 1  126 133 170
220 ElmT3n2D 1  136 129 137
221 ElmT3n2D 1  92 90 93
222 ElmT3n2D 1  99 100 214
223 ElmT3n2D 1  106 107 108
224 ElmT3n2D 1  165 163 166
225 ElmT3n2D 1  142 135 143
226 ElmT3n2D 1  100 103 214
227 ElmT3n2D 1  120 124 130
228 ElmT3n2D 1  108 109 110
229 ElmT3n2D 1  96 94 97
230 ElmT3n2D 1  100 102 103
231 ElmT3n2D 1  114 115 116
232 ElmT3n2D 1  116 118 120
233 ElmT3n2D 1  103 102 104
234 ElmT3n2D 1  138 129 213
235 ElmT3n2D 1  200 202 203
236 ElmT3n2D 1  128 101 129
237 ElmT3n2D 1  100 101 102
238 ElmT3n2D 1  203 204 206
239 ElmT3n2D 1  99 98 100
240 ElmT3n2D 1  103 123 214
241 ElmT3n2D 1  9 10 215
242 ElmT3n2D 1  96 98 99
243 ElmT3n2D 1  100 98 101
244 ElmT3n2D 1  92 93 94
245 ElmT3n2D 1  106 104 107
246 ElmT3n2D 1  96 97 98
247 ElmT3n2D 1  128 129 136
248 ElmT3n2D 1  209 138 213
249 ElmT3n2D 1  102 101 128
250 ElmT3n2D 1  108 107 109
251 ElmT3n2D 1  10 11 63
252 ElmT3n2D 1  95 94 96
253 ElmT3n2D 1  104 102 216
254 ElmT3n2D 1  36 37 69
255 ElmT3n2D 1  130 124 131
256 ElmT3n2D 1  114 112 115
257 ElmT3n2D 1  85 84 86
258 ElmT3n2D 1  102 128 216
259 ElmT3n2D 1  110 109 119
260 ElmT3n2D 1  5 6 82
261 ElmT3n2D 1  39 40 61
262 ElmT3n2D 1  26 27 73
263 ElmT3n2D 1  176 174 177
264 ElmT3n2D 1  91 90 92
265 ElmT3n2D 1  107 104 216
266 ElmT3n2D 1  52 53 80
267 ElmT3n2D 1  120 118 124
268 ElmT3n2D 1  116 115 118
269 ElmT3n2D 1  92 94 95
270 ElmT3n2D 1  216 128 217
271 ElmT3n2D 1  10 63 215
272 ElmT3n2D 1  88 86 89
273 ElmT3n2D 1  109 107 122
274 ElmT3n2D 1  122 107 216
275 ElmT3n2D 1  128 136 217
276 ElmT3n2D 1  203 206 207
277 ElmT3n2D 1  163 62 164
278 ElmT3n2D 1  84 83 152
279 ElmT3n2D 1  88 89 90
280 ElmT3n2D 1  122 216 217
281 ElmT3n2D 1  64 200 218
282 ElmT3n2D 1  124 118 125
283 ElmT3n2D 1  177 174 220
284 ElmT3n2D 1  88 90 91
285 ElmT3n2D 1  178 177 179
286 ElmT3n2D 1  200 203 218
287 ElmT3n2D 1  72 173 175
288 ElmT3n2D 1  54 55 72
289 ElmT3n2D 1  176 178 180
290 ElmT3n2D 1  87 86 88
291 ElmT3n2D 1  176 177 178
292 ElmT3n2D 1  85 86 87
293 ElmT3n2D 1  13 14 71
294 ElmT3n2D 1  203 207 218
295 ElmT3n2D 1  40 41 219
296 ElmT3n2D 1  61 40 219
297 ElmT3n2D 1  41 42 162
298 ElmT3n2D 1  174 87 220
299 ElmT3n2D 1  87 88 220
300 ElmT3n2D 1  53 54 221
301 ElmT3n2D 1  80 221 223
302 ElmT3n2D 1  80 53 221
303 ElmT3n2D 1  162 165 219
304 ElmT3n2D 1  54 72 221
305 ElmT3n2D 1  88 91 220
306 ElmT3n2D 1  152 154 222
307 ElmT3n2D 1  41 162 219
308 ElmT3n2D 1  86 84 222
309 ElmT3n2D 1  221 175 223
310 ElmT3n2D 1  72 175 221
311 ElmT3n2D 1  84 152 222
312 ElmT3n2D 1  89 86 222
313 ElmT3n2D 1  175 176 223
314 ElmT3n2D 1  176 180 223
315 ElmT3n2D 1  80 223 224
316 ElmT3n2D 1  223 180 224
317 ElmT3n2D 1  185 95 225
318 ElmT3n2D 1  95 96 225
319 ElmT3n2D 1  185 183 226
320 ElmT3n2D 1  186 185 225
321 ElmT3n2D 1  96 99 225
322 ElmT3n2D 1  183 189 226
323 ElmT3n2D 1  209 97 228
324 ElmT3n2D 1  94 93 228
325 ElmT3n2D 1  186 225 227
326 ElmT3n2D 1  225 99 227
327 ElmT3n2D 1  95 185 226
328 ElmT3n2D 1  99 214 227
329 ElmT3n2D 1  188 186 227
330 ElmT3n2D 1  227 214 229
331 ElmT3n2D 1  188 227 229
332 ElmT3n2D 1  97 94 228
333 ElmT3n2D 1  214 123 229
334 ElmT3n2D 1  148 149 242
335 ElmT3n2D 1  141 248 271
336 ElmT3n2D 1  12 13 231
337 ElmT3n2D 1  28 67 232
338 ElmT3n2D 1  73 27 232
339 ElmT3n2D 1  206 204 235
340 ElmT3n2D 1  140 130 236
341 ElmT3n2D 1  158 160 230
342 ElmT3n2D 1  161 158 230
343 ElmT3n2D 1  159 215 248
344 ElmT3n2D 1  166 163 237
345 ElmT3n2D 1  71 211 238
346 ElmT3n2D 1  153 78 240
347 ElmT3n2D 1  31 32 239
348 ElmT3n2D 1  59 60 240
349 ElmT3n2D 1  124 125 241
350 ElmT3n2D 1  132 140 234
351 ElmT3n2D 1  13 71 231
352 ElmT3n2D 1  27 28 232
353 ElmT3n2D 1  160 159 233
354 ElmT3n2D 1  208 206 235
355 ElmT3n2D 1  130 131 236
356 ElmT3n2D 1  134 151 243
357 ElmT3n2D 1  171 133 243
358 ElmT3n2D 1  164 191 244
359 ElmT3n2D 1  197 196 241
360 ElmT3n2D 1  12 231 249
361 ElmT3n2D 1  248 63 271
362 ElmT3n2D 1  157 70 255
363 ElmT3n2D 1  76 181 254
364 ElmT3n2D 1  163 164 237
365 ElmT3n2D 1  184 187 245
366 ElmT3n2D 1  229 123 237
367 ElmT3n2D 1  211 208 238
368 ElmT3n2D 1  79 31 239
369 ElmT3n2D 1  78 59 240
370 ElmT3n2D 1  69 144 264
371 ElmT3n2D 1  131 124 241
372 ElmT3n2D 1  118 115 247
373 ElmT3n2D 1  204 119 258
374 ElmT3n2D 1  231 139 249
375 ElmT3n2D 1  63 11 249
376 ElmT3n2D 1  231 71 265
377 ElmT3n2D 1  7 70 251
378 ElmT3n2D 1  82 6 251
379 ElmT3n2D 1  76 49 253
380 ElmT3n2D 1  26 73 252
381 ElmT3n2D 1  141 233 248
382 ElmT3n2D 1  119 205 257
383 ElmT3n2D 1  48 76 254
384 ElmT3n2D 1  66 47 254
385 ElmT3n2D 1  70 8 255
386 ElmT3n2D 1  9 215 255
387 ElmT3n2D 1  145 148 250
388 ElmT3n2D 1  121 170 246
389 ElmT3n2D 1  151 38 272
390 ElmT3n2D 1  110 119 257
391 ElmT3n2D 1  115 112 257
392 ElmT3n2D 1  119 109 258
393 ElmT3n2D 1  167 79 242
394 ElmT3n2D 1  3 24 261
395 ElmT3n2D 1  23 3 261
396 ElmT3n2D 1  194 81 261
397 ElmT3n2D 1  2 52 260
398 ElmT3n2D 1  4 33 262
399 ElmT3n2D 1  32 4 262
400 ElmT3n2D 1  60 1 263
401 ElmT3n2D 1  1 5 263
402 ElmT3n2D 1  51 2 260
403 ElmT3n2D 1  80 224 260
404 ElmT3n2D 1  77 35 264
405 ElmT3n2D 1  36 69 264
406 ElmT3n2D 1  205 201 247
407 ElmT3n2D 1  38 39 272
408 ElmT3n2D 1  201 199 269
409 ElmT3n2D 1  105 121 268
410 ElmT3n2D 1  193 195 266
411 ElmT3n2D 1  148 242 273
412 ElmT3n2D 1  169 77 250
413 ElmT3n2D 1  67 167 259
414 ElmT3n2D 1  166 237 268
415 ElmT3n2D 1  241 196 266
416 ElmT3n2D 1  133 134 243
417 ElmT3n2D 1  191 75 244
418 ElmT3n2D 1  241 125 269
419 ElmT3n2D 1  234 67 259
420 ElmT3n2D 1  131 241 266
421 ElmT3n2D 1  170 171 246
422 ElmT3n2D 1  190 66 245
423 ElmT3n2D 1  208 235 270
424 ElmT3n2D 1  217 136 270
425 ElmT3n2D 1  182 184 245
426 ElmT3n2D 1  237 123 268
427 ElmT3n2D 1  237 164 267
428 ElmT3n2D 1  229 237 267
429 ElmT3n2D 1  165 166 246
430 ElmT3n2D 1  38 151 256
431 ElmT3n2D 1  79 239 273
432 ElmT3n2D 1  197 241 269
433 ElmT3n2D 1  125 118 247
434 ElmT3n2D 1  50 224 253
435 ElmT3n2D 1  194 25 252
436 ElmT3n2D 1  37 38 256
437 ElmT3n2D 1  215 63 248
438 ElmT3n2D 1  142 69 256
439 ElmT3n2D 1  136 238 270
440 ElmT3n2D 1  69 37 256
441 ElmT3n2D 1  144 145 250
442 ElmT3n2D 1  11 12 249
443 ElmT3n2D 1  136 137 265
444 ElmT3n2D 1  242 149 259
445 ElmT3n2D 1  233 159 248
446 ElmT3n2D 1  6 7 251
447 ElmT3n2D 1  25 26 252
448 ElmT3n2D 1  195 194 252
449 ElmT3n2D 1  224 180 253
450 ElmT3n2D 1  49 50 253
451 ElmT3n2D 1  243 151 272
452 ElmT3n2D 1  47 48 254
453 ElmT3n2D 1  8 9 255
454 ElmT3n2D 1  235 204 258
455 ElmT3n2D 1  238 136 265
456 ElmT3n2D 1  151 142 256
457 ElmT3n2D 1  240 60 263
458 ElmT3n2D 1  239 32 262
459 ElmT3n2D 1  164 244 267
460 ElmT3n2D 1  112 110 257
461 ElmT3n2D 1  109 122 258
462 ElmT3n2D 1  81 23 261
463 ElmT3n2D 1  33 168 262
464 ElmT3n2D 1  52 80 260
465 ElmT3n2D 1  5 82 263
466 ElmT3n2D 1  35 36 264
467 ElmT3n2D 1  63 249 271
468 ElmT3n2D 1  122 235 258
469 ElmT3n2D 1  71 238 265
470 ElmT3n2D 1  196 193 266
471 ElmT3n2D 1  123 105 268
472 ElmT3n2D 1  199 197 269
473 ElmT3n2D 1  149 234 259
474 ElmT3n2D 1  139 141 271
475 ElmT3n2D 1  39 61 272
476 ElmT3n2D 1  188 229 267
477 ElmT3n2D 1  82 240 263
478 ElmT3n2D 1  168 239 262
479 ElmT3n2D 1  61 243 272
480 ElmT3n2D 1  167 242 259
481 ElmT3n2D 1  238 208 270
482 ElmT3n2D 1  244 188 267
483 ElmT3n2D 1  242 79 273
484 ElmT3n2D 1  249 139 271

