*Heading
 /uufs/chpc.utah.edu/common/home/u1013882/gmsh-4.5.6-Linux64/mymesh/abaqusmesh
*NODE
1, -0, 0, 0
2, -0, 1, 0
3, 2, 0, 0
4, 2, 1, 0
5, 0.099999999999799, 0, 0
6, 0.19999999999963, 0, 0
7, 0.29999999999941, 0, 0
8, 0.39999999999912, 0, 0
9, 0.49999999999882, 0, 0
10, 0.59999999999853, 0, 0
11, 0.69999999999824, 0, 0
12, 0.79999999999795, 0, 0
13, 0.89999999999766, 0, 0
14, 0.99999999999739, 0, 0
15, 1.0999999999976, 0, 0
16, 1.1999999999979, 0, 0
17, 1.2999999999982, 0, 0
18, 1.3999999999984, 0, 0
19, 1.4999999999987, 0, 0
20, 1.5999999999989, 0, 0
21, 1.6999999999992, 0, 0
22, 1.7999999999995, 0, 0
23, 1.8999999999997, 0, 0
24, 2, 0.099999999999815, 0
25, 2, 0.19999999999956, 0
26, 2, 0.29999999999927, 0
27, 2, 0.39999999999897, 0
28, 2, 0.49999999999869, 0
29, 2, 0.59999999999895, 0
30, 2, 0.69999999999921, 0
31, 2, 0.79999999999947, 0
32, 2, 0.89999999999974, 0
33, 1.8999999999996, 1, 0
34, 1.7999999999992, 1, 0
35, 1.6999999999993, 1, 0
36, 1.6, 1, 0
37, 1.5000000000007, 1, 0
38, 1.4000000000014, 1, 0
39, 1.3000000000021, 1, 0
40, 1.2000000000028, 1, 0
41, 1.1000000000035, 1, 0
42, 1.0000000000041, 1, 0
43, 0.90000000000374, 1, 0
44, 0.80000000000333, 1, 0
45, 0.70000000000291, 1, 0
46, 0.6000000000025, 1, 0
47, 0.50000000000208, 1, 0
48, 0.40000000000166, 1, 0
49, 0.30000000000125, 1, 0
50, 0.20000000000083, 1, 0
51, 0.10000000000042, 1, 0
52, 0, 0.89999999999958, 0
53, 0, 0.8, 0
54, 0, 0.70000000000069, 0
55, 0, 0.60000000000139, 0
56, 0, 0.50000000000206, 0
57, 0, 0.40000000000166, 0
58, 0, 0.30000000000125, 0
59, 0, 0.20000000000083, 0
60, 0, 0.10000000000042, 0
61, 1.2500000000024, 0.91339745962216, 0
62, 0.95000000000395, 0.9133974596217, 0
63, 0.6514827134075, 0.073875444900877, 0
64, 1.4499999999987, 0.086602540378743, 0
65, 1.1499999999981, 0.086602540379053, 0
66, 0.53659251732985, 0.90594339588448, 0
67, 1.9133974596216, 0.54999999999882, 0
68, 0.086602540378348, 0.45000000000167, 0
69, 1.5546277503998, 0.91196068164115, 0
70, 0.34907980009812, 0.088854302072596, 0
71, 0.95620490309082, 0.083630043522212, 0
72, 0.086602540377966, 0.65000000000109, 0
73, 1.9133974596218, 0.34999999999912, 0
74, 1.6499999999991, 0.086602540378632, 0
75, 0.75000000000312, 0.9133974596212, 0
76, 0.34907980009902, 0.91114569792813, 0
77, 1.7365317109253, 0.90939007620596, 0
78, 0.086130670986953, 0.25081730176271, 0
79, 1.9182485540291, 0.74434194905321, 0
80, 0.084369630441004, 0.84613248654049, 0
81, 1.8461324865401, 0.084369630441693, 0
82, 0.15918256190586, 0.090569724744782, 0
83, 0.086523895479886, 0.35013621696194, 0
84, 0.17319197327357, 0.40002270282867, 0
85, 0.17320289617586, 0.50000378380613, 0
86, 0.25980507245733, 0.45000441444051, 0
87, 0.25980683225812, 0.55000136637548, 0
88, 0.34640960525372, 0.50000096347064, 0
89, 0.34641016151276, 0.40000000000223, 0
90, 0.43386206995215, 0.44919124617138, 0
91, 0.43333142099775, 0.54991278480168, 0
92, 0.51961524226911, 0.50000000000222, 0
93, 0.51961524226923, 0.40000000000243, 0
94, 0.6062514219964, 0.45005826506394, 0
95, 0.60636683513278, 0.55003790211747, 0
96, 0.69286362041346, 0.4999937731797, 0
97, 0.69286678516419, 0.40006693810386, 0
98, 0.77943782332509, 0.45001011854899, 0
99, 0.77947144490313, 0.54993198663137, 0
100, 0.86603599401908, 0.49999035086517, 0
101, 0.86602966214207, 0.40000007823752, 0
102, 0.95263041892683, 0.4499984048523, 0
103, 0.95262905513032, 0.54999904385572, 0
104, 1.0392310821617, 0.49999957478656, 0
105, 1.0365135895115, 0.59529347632088, 0
106, 1.1253803086832, 0.54921550851979, 0
107, 1.1257576718156, 0.44986918055305, 0
108, 1.2123475537398, 0.4998474481808, 0
109, 1.2103357436367, 0.40354260994375, 0
110, 1.2966161931319, 0.45412831221634, 0
111, 1.298619784991, 0.55066262673481, 0
112, 1.3831100001752, 0.50436179235414, 0
113, 1.3851491516256, 0.60083740318343, 0
114, 1.47173949638, 0.55086653259176, 0
115, 1.4618699319732, 0.4390026145193, 0
116, 1.5583724653047, 0.50063171497005, 0
117, 1.5662504917785, 0.60510609103601, 0
118, 1.5588457268091, 0.40000000000363, 0
119, 1.2990381056743, 0.35000000000322, 0
120, 1.6467089528504, 0.45242547628063, 0
121, 1.1139441352905, 0.65766176951976, 0
122, 1.1264134570739, 0.35189108204545, 0
123, 0.94906283829759, 0.64367940800483, 0
124, 1.6461410826401, 0.3512403090107, 0
125, 1.5567638088856, 0.30718616099576, 0
126, 1.2989828447951, 0.65009110969131, 0
127, 1.3855495201679, 0.70015475214751, 0
128, 0.95262906634848, 0.34999974718355, 0
129, 0.8660263005404, 0.29999997090536, 0
130, 1.7317527311707, 0.40061096421785, 0
131, 1.7401916127513, 0.30744830408548, 0
132, 1.7335683503783, 0.50184263987942, 0
133, 1.2999111675018, 0.74848653131207, 0
134, 1.386668428331, 0.79821910158213, 0
135, 1.4749738493548, 0.74989036156996, 0
136, 0.95850164219863, 0.2439349449506, 0
137, 0.86095934992203, 0.19811766100206, 0
138, 0.77857867055376, 0.24968627198637, 0
139, 0.77391492303082, 0.15529651080532, 0
140, 1.8186533479439, 0.45000000000396, 0
141, 0.69339232482763, 0.20612138420912, 0
142, 1.4702164380684, 0.84830058156245, 0
143, 1.5612836067431, 0.80629960316878, 0
144, 1.645038229172, 0.85883309196183, 0
145, 1.6514540327847, 0.76303819404401, 0
146, 1.5655957131694, 0.70643051501531, 0
147, 1.6647090293502, 0.66454077410822, 0
148, 1.7530458186308, 0.73918137020935, 0
149, 1.7603336153161, 0.6273934715099, 0
150, 1.6534856426697, 0.56392114269869, 0
151, 1.3903387172076, 0.89125650732486, 0
152, 0.17311114379494, 0.30016270359347, 0
153, 0.17030182383141, 0.19940892344586, 0
154, 0.26004837297512, 0.24992860450857, 0
155, 0.25697154893498, 0.14949391105856, 0
156, 0.34790670561579, 0.19687478142099, 0
157, 0.44242563903835, 0.14669667928482, 0
158, 0.43737014905479, 0.24668165921537, 0
159, 0.52519338471967, 0.19616807429001, 0
160, 0.52283897640555, 0.29608903544782, 0
161, 0.34901154241199, 0.29864661413163, 0
162, 1.0500000000038, 0.91339745962194, 0
163, 1.0000019493158, 0.82767037831496, 0
164, 0.90009369648851, 0.83492823621102, 0
165, 1.1000215031054, 0.82564434493736, 0
166, 1.0541372003048, 0.74589210816534, 0
167, 1.9178616013878, 0.65276286285214, 0
168, 1.8475661078734, 0.91669404847809, 0
169, 1.8022029806136, 0.83381065281436, 0
170, 1.2124355652959, 0.70000000000255, 0
171, 1.2091354280206, 0.80905794950823, 0
172, 0.086602176281374, 0.55000063063565, 0
173, 0.17320452449724, 0.60000096347013, 0
174, 0.25980739694503, 0.65000038830847, 0
175, 0.17320495068134, 0.70000022529694, 0
176, 0.25980756209013, 0.75000010226832, 0
177, 0.34650996731117, 0.70000008176388, 0
178, 0.34716365180658, 0.80251739939278, 0
179, 0.43339647899148, 0.75061773697088, 0
180, 0.25980762113362, 0.85000000000111, 0
181, 0.4381125475126, 0.85178437298263, 0
182, 0.52047873092178, 0.80052033186619, 0
183, 0.52016254879226, 0.70024569814846, 0
184, 0.60583923396806, 0.7482067312913, 0
185, 0.60644200565691, 0.6497295537846, 0
186, 0.69308034858331, 0.69945045499101, 0
187, 0.69712893010073, 0.81438732157308, 0
188, 0.78110111578692, 0.74546581240432, 0
189, 0.43339983005797, 0.65012628581588, 0
190, 0.65000000000281, 0.91339745962126, 0
191, 0.85000569099498, 0.91456192935894, 0
192, 1.7493554144227, 0.08623038872246, 0
193, 1.7992479834934, 0.16747205903177, 0
194, 1.9078840130239, 0.16212205590941, 0
195, 1.8369493084628, 0.25929385305807, 0
196, 1.6994913120256, 0.16609016650578, 0
197, 1.5996392977103, 0.16576156064018, 0
198, 1.5499398829508, 0.08536195369248, 0
199, 1.4999298634427, 0.16629856910953, 0
200, 1.3999883105727, 0.17205399548282, 0
201, 1.463419078932, 0.26125845232781, 0
202, 1.3507559217179, 0.26004386897411, 0
203, 1.3001240387142, 0.17305260785154, 0
204, 1.2499863443503, 0.2556707569748, 0
205, 1.4021642135524, 0.34660596945332, 0
206, 1.2000067045094, 0.17272445606991, 0
207, 1.250021790536, 0.086497024113257, 0
208, 1.1009394976073, 0.16668283936785, 0
209, 0.69280400243248, 0.30014532129089, 0
210, 1.474124032132, 0.65158162566084, 0
211, 1.0514275463397, 0.085139070331306, 0
212, 1.2102850321326, 0.6012464104415, 0
213, 0.779290540693, 0.34998478317883, 0
214, 0.86550803577563, 0.59881648346733, 0
215, 0.53846847055339, 0.091411594117246, 0
216, 1.0393153634776, 0.40029299823731, 0
217, 1.0462738036117, 0.30497993353209, 0
218, 1.3500223566364, 0.086367694637726, 0
219, 1.1515261551898, 0.91024953561495, 0
220, 0.34654417547063, 0.60000697842267, 0
221, 0.08623036704272, 0.74935545197328, 0
222, 0.25980762113486, 0.35000000000263, 0
223, 0.1727708686907, 0.79924804434659, 0
224, 0.16287902871778, 0.90788402171777, 0
225, 0.69296720954791, 0.59981087114491, 0
226, 0.51988631381779, 0.60000870411172, 0
227, 0.77973300571712, 0.64884202732009, 0
228, 0.60654124578962, 0.34967598497511, 0
229, 0.86266087086365, 0.69234573647837, 0
230, 0.43644716570973, 0.34682418988196, 0
231, 0.85300701929663, 0.095165416498798, 0
232, 1.9290896534375, 0.44999999999991, 0
233, 0.60649111410319, 0.24789587560539, 0
234, 1.8152378914505, 0.54891304372435, 0
235, 1.1392004428177, 0.2572949963346, 0
236, 1.8131614674701, 0.35090343197742, 0
237, 0.94923550226359, 0.74325764989508, 0
238, 1.0079711401414, 0.16108752068808, 0
239, 1.9056713239505, 0.84179958206826, 0
240, 0.082127537517464, 0.15306787810424, 0
241, 1.6483444742402, 0.25501637776828, 0
242, 1.8365000151893, 0.69738036847485, 0
243, 1.3069482806333, 0.84466909842374, 0
244, 0.80245560944931, 0.83507541514183, 0
245, 0.60119181719482, 0.83833486357978, 0
246, 1.1379165124613, 0.74716878365171, 0
247, 1.487251569626, 0.35000000000361, 0
248, 0.61478248422137, 0.15757246762502, 0
249, 0.7499999999981, 0.069552349638314, 0
250, 1.7176545544253, 0.8208506770471, 0
251, 0.2530467821876, 0.065783587575188, 0
252, 1.9316461562217, 0.25428318179309, 0
253, 0.25113319710367, 0.93321918930362, 0
254, 0.45000000000187, 0.93474373646728, 0
255, 0.44599478193756, 0.065392515094932, 0
256, 1.4630365811356, 0.93030355410569, 0
257, 1.3732970040143, 0.42137981516407, 0
258, 1.2025483768924, 0.32263130548107, 0
259, 1.8486661165931, 0.61528994931201, 0
260, 0.073205080756876, 0.92679491924312, 0
261, 1.9267949192428, 0.073205080757037, 0
262, 1.9267949192428, 0.92679491924285, 0
263, 0.073205080756644, 0.073205080756809, 0
264, 1.6492814291176, 0.93938079507687, 0
265, 0.92900744150656, 0.15840456000206, 0
266, 1.7499999999993, 0.22801455237631, 0
267, 0.85054853373051, 0.77182555438038, 0
268, 1.0229274057816, 0.67176223927503, 0
269, 1.549999999999, 0.22705265805243, 0
270, 1.0505773052754, 0.22679604697464, 0
271, 0.70014427042349, 0.13154918890419, 0
272, 1.3235624675475, 0.9303400673413, 0
273, 1.8448867058944, 0.77095550489011, 0
******* E L E M E N T S *************
*ELEMENT, type=T3D2, ELSET=Line1
1, 1, 5
2, 5, 6
3, 6, 7
4, 7, 8
5, 8, 9
6, 9, 10
7, 10, 11
8, 11, 12
9, 12, 13
10, 13, 14
11, 14, 15
12, 15, 16
13, 16, 17
14, 17, 18
15, 18, 19
16, 19, 20
17, 20, 21
18, 21, 22
19, 22, 23
20, 23, 3
*ELEMENT, type=T3D2, ELSET=Line2
21, 3, 24
22, 24, 25
23, 25, 26
24, 26, 27
25, 27, 28
26, 28, 29
27, 29, 30
28, 30, 31
29, 31, 32
30, 32, 4
*ELEMENT, type=T3D2, ELSET=Line3
31, 4, 33
32, 33, 34
33, 34, 35
34, 35, 36
35, 36, 37
36, 37, 38
37, 38, 39
38, 39, 40
39, 40, 41
40, 41, 42
41, 42, 43
42, 43, 44
43, 44, 45
44, 45, 46
45, 46, 47
46, 47, 48
47, 48, 49
48, 49, 50
49, 50, 51
50, 51, 2
*ELEMENT, type=T3D2, ELSET=Line4
51, 2, 52
52, 52, 53
53, 53, 54
54, 54, 55
55, 55, 56
56, 56, 57
57, 57, 58
58, 58, 59
59, 59, 60
60, 60, 1
*ELEMENT, type=CPS3, ELSET=Surface1
65, 132, 149, 150
66, 73, 140, 236
67, 140, 73, 232
68, 67, 140, 232
69, 140, 67, 234
70, 171, 61, 219
71, 187, 75, 190
72, 66, 181, 182
73, 165, 171, 219
74, 159, 157, 215
75, 153, 82, 155
76, 149, 132, 234
77, 75, 187, 244
78, 181, 66, 254
79, 215, 157, 255
80, 147, 117, 150
81, 146, 117, 147
82, 24, 25, 194
83, 50, 51, 224
84, 149, 147, 150
85, 155, 82, 251
86, 115, 205, 247
87, 116, 120, 150
88, 146, 135, 210
89, 205, 115, 257
90, 131, 195, 236
91, 155, 70, 156
92, 178, 76, 180
93, 195, 131, 266
94, 24, 194, 261
95, 224, 51, 260
96, 69, 143, 144
97, 187, 190, 245
98, 156, 70, 157
99, 76, 178, 181
100, 122, 217, 235
101, 61, 171, 243
102, 117, 146, 210
103, 168, 169, 239
104, 117, 116, 150
105, 120, 132, 150
106, 137, 139, 231
107, 69, 142, 143
108, 77, 144, 250
109, 144, 77, 264
110, 143, 135, 146
111, 82, 153, 240
112, 166, 121, 246
113, 90, 89, 230
114, 235, 217, 270
115, 121, 166, 268
116, 137, 231, 265
117, 209, 228, 233
118, 201, 125, 247
119, 239, 169, 273
120, 154, 161, 222
121, 187, 188, 244
122, 178, 179, 181
123, 195, 73, 236
124, 125, 201, 269
125, 66, 182, 245
126, 169, 148, 273
127, 202, 119, 204
128, 148, 169, 250
129, 181, 179, 182
130, 89, 161, 230
131, 144, 143, 145
132, 156, 157, 158
133, 171, 165, 246
134, 119, 202, 205
135, 93, 160, 228
136, 161, 89, 222
137, 154, 156, 161
138, 93, 90, 230
139, 228, 160, 233
140, 182, 179, 183
141, 145, 143, 146
142, 158, 157, 159
143, 160, 93, 230
144, 156, 158, 161
145, 189, 177, 220
146, 180, 76, 253
147, 70, 155, 251
148, 73, 195, 252
149, 91, 92, 226
150, 141, 209, 233
151, 91, 189, 220
152, 179, 177, 189
153, 182, 183, 184
154, 145, 146, 147
155, 158, 159, 160
156, 189, 91, 226
157, 183, 179, 189
158, 184, 183, 185
159, 145, 147, 148
160, 92, 95, 226
161, 184, 185, 186
162, 148, 147, 149
163, 184, 186, 187
164, 187, 186, 188
165, 14, 15, 211
166, 68, 83, 84
167, 65, 206, 208
168, 206, 65, 207
169, 68, 57, 83
170, 56, 57, 68
171, 65, 16, 207
172, 71, 14, 211
173, 152, 78, 153
174, 16, 17, 207
175, 67, 29, 167
176, 56, 68, 172
177, 15, 65, 211
178, 42, 43, 62
179, 17, 18, 218
180, 28, 29, 67
181, 83, 78, 152
182, 58, 78, 83
183, 164, 62, 191
184, 170, 121, 212
185, 172, 85, 173
186, 85, 87, 173
187, 55, 56, 172
188, 207, 17, 218
189, 152, 153, 154
190, 57, 58, 83
191, 72, 55, 172
192, 34, 77, 168
193, 62, 43, 191
194, 30, 79, 167
195, 68, 84, 85
196, 34, 35, 77
197, 168, 77, 169
198, 175, 174, 176
199, 33, 34, 168
200, 64, 198, 199
201, 192, 81, 193
202, 64, 199, 200
203, 154, 153, 155
204, 46, 66, 190
205, 22, 81, 192
206, 29, 30, 167
207, 121, 106, 212
208, 192, 193, 196
209, 193, 81, 194
210, 68, 85, 172
211, 44, 45, 75
212, 30, 31, 79
213, 135, 127, 210
214, 127, 113, 210
215, 154, 155, 156
216, 173, 174, 175
217, 65, 208, 211
218, 75, 45, 190
219, 193, 194, 195
220, 198, 197, 199
221, 44, 75, 191
222, 42, 62, 162
223, 200, 199, 201
224, 64, 19, 198
225, 74, 192, 196
226, 58, 59, 78
227, 126, 170, 212
228, 111, 126, 212
229, 133, 127, 134
230, 74, 197, 198
231, 101, 98, 213
232, 173, 87, 174
233, 126, 127, 133
234, 126, 113, 127
235, 105, 106, 121
236, 18, 64, 218
237, 48, 49, 76
238, 134, 142, 151
239, 22, 23, 81
240, 162, 163, 165
241, 74, 21, 192
242, 111, 113, 126
243, 97, 209, 213
244, 202, 201, 205
245, 111, 112, 113
246, 134, 135, 142
247, 108, 110, 111
248, 114, 117, 210
249, 43, 44, 191
250, 113, 114, 210
251, 120, 130, 132
252, 114, 116, 117
253, 72, 172, 173
254, 20, 74, 198
255, 200, 201, 202
256, 74, 196, 197
257, 20, 21, 74
258, 137, 129, 138
259, 15, 16, 65
260, 137, 138, 139
261, 21, 22, 192
262, 139, 138, 141
263, 98, 97, 213
264, 103, 104, 105
265, 111, 110, 112
266, 105, 104, 106
267, 134, 127, 135
268, 106, 108, 212
269, 18, 19, 64
270, 132, 130, 140
271, 129, 101, 213
272, 113, 112, 114
273, 162, 62, 163
274, 45, 46, 190
275, 46, 47, 66
276, 7, 8, 70
277, 108, 111, 212
278, 170, 133, 171
279, 19, 20, 198
280, 141, 138, 209
281, 103, 105, 123
282, 203, 202, 204
283, 126, 133, 170
284, 136, 129, 137
285, 92, 90, 93
286, 99, 100, 214
287, 106, 107, 108
288, 165, 163, 166
289, 142, 135, 143
290, 100, 103, 214
291, 120, 124, 130
292, 108, 109, 110
293, 96, 94, 97
294, 100, 102, 103
295, 114, 115, 116
296, 116, 118, 120
297, 103, 102, 104
298, 138, 129, 213
299, 200, 202, 203
300, 128, 101, 129
301, 100, 101, 102
302, 203, 204, 206
303, 99, 98, 100
304, 103, 123, 214
305, 9, 10, 215
306, 96, 98, 99
307, 100, 98, 101
308, 92, 93, 94
309, 106, 104, 107
310, 96, 97, 98
311, 128, 129, 136
312, 209, 138, 213
313, 102, 101, 128
314, 108, 107, 109
315, 10, 11, 63
316, 95, 94, 96
317, 104, 102, 216
318, 36, 37, 69
319, 130, 124, 131
320, 114, 112, 115
321, 85, 84, 86
322, 102, 128, 216
323, 110, 109, 119
324, 5, 6, 82
325, 39, 40, 61
326, 26, 27, 73
327, 176, 174, 177
328, 91, 90, 92
329, 107, 104, 216
330, 52, 53, 80
331, 120, 118, 124
332, 116, 115, 118
333, 92, 94, 95
334, 216, 128, 217
335, 10, 63, 215
336, 88, 86, 89
337, 109, 107, 122
338, 122, 107, 216
339, 128, 136, 217
340, 203, 206, 207
341, 163, 62, 164
342, 84, 83, 152
343, 88, 89, 90
344, 122, 216, 217
345, 64, 200, 218
346, 124, 118, 125
347, 177, 174, 220
348, 88, 90, 91
349, 178, 177, 179
350, 200, 203, 218
351, 72, 173, 175
352, 54, 55, 72
353, 176, 178, 180
354, 87, 86, 88
355, 176, 177, 178
356, 85, 86, 87
357, 13, 14, 71
358, 203, 207, 218
359, 40, 41, 219
360, 61, 40, 219
361, 41, 42, 162
362, 174, 87, 220
363, 87, 88, 220
364, 53, 54, 221
365, 80, 221, 223
366, 80, 53, 221
367, 162, 165, 219
368, 54, 72, 221
369, 88, 91, 220
370, 152, 154, 222
371, 41, 162, 219
372, 86, 84, 222
373, 221, 175, 223
374, 72, 175, 221
375, 84, 152, 222
376, 89, 86, 222
377, 175, 176, 223
378, 176, 180, 223
379, 80, 223, 224
380, 223, 180, 224
381, 185, 95, 225
382, 95, 96, 225
383, 185, 183, 226
384, 186, 185, 225
385, 96, 99, 225
386, 183, 189, 226
387, 209, 97, 228
388, 94, 93, 228
389, 186, 225, 227
390, 225, 99, 227
391, 95, 185, 226
392, 99, 214, 227
393, 188, 186, 227
394, 227, 214, 229
395, 188, 227, 229
396, 97, 94, 228
397, 214, 123, 229
398, 148, 149, 242
399, 141, 248, 271
400, 12, 13, 231
401, 28, 67, 232
402, 73, 27, 232
403, 206, 204, 235
404, 140, 130, 236
405, 158, 160, 230
406, 161, 158, 230
407, 159, 215, 248
408, 166, 163, 237
409, 71, 211, 238
410, 153, 78, 240
411, 31, 32, 239
412, 59, 60, 240
413, 124, 125, 241
414, 132, 140, 234
415, 13, 71, 231
416, 27, 28, 232
417, 160, 159, 233
418, 208, 206, 235
419, 130, 131, 236
420, 134, 151, 243
421, 171, 133, 243
422, 164, 191, 244
423, 197, 196, 241
424, 12, 231, 249
425, 248, 63, 271
426, 157, 70, 255
427, 76, 181, 254
428, 163, 164, 237
429, 184, 187, 245
430, 229, 123, 237
431, 211, 208, 238
432, 79, 31, 239
433, 78, 59, 240
434, 69, 144, 264
435, 131, 124, 241
436, 118, 115, 247
437, 204, 119, 258
438, 231, 139, 249
439, 63, 11, 249
440, 231, 71, 265
441, 7, 70, 251
442, 82, 6, 251
443, 76, 49, 253
444, 26, 73, 252
445, 141, 233, 248
446, 119, 205, 257
447, 48, 76, 254
448, 66, 47, 254
449, 70, 8, 255
450, 9, 215, 255
451, 145, 148, 250
452, 121, 170, 246
453, 151, 38, 272
454, 110, 119, 257
455, 115, 112, 257
456, 119, 109, 258
457, 167, 79, 242
458, 3, 24, 261
459, 23, 3, 261
460, 194, 81, 261
461, 2, 52, 260
462, 4, 33, 262
463, 32, 4, 262
464, 60, 1, 263
465, 1, 5, 263
466, 51, 2, 260
467, 80, 224, 260
468, 77, 35, 264
469, 36, 69, 264
470, 205, 201, 247
471, 38, 39, 272
472, 201, 199, 269
473, 105, 121, 268
474, 193, 195, 266
475, 148, 242, 273
476, 169, 77, 250
477, 67, 167, 259
478, 166, 237, 268
479, 241, 196, 266
480, 133, 134, 243
481, 191, 75, 244
482, 241, 125, 269
483, 234, 67, 259
484, 131, 241, 266
485, 170, 171, 246
486, 190, 66, 245
487, 208, 235, 270
488, 217, 136, 270
489, 182, 184, 245
490, 237, 123, 268
491, 237, 164, 267
492, 229, 237, 267
493, 165, 166, 246
494, 38, 151, 256
495, 79, 239, 273
496, 197, 241, 269
497, 125, 118, 247
498, 50, 224, 253
499, 194, 25, 252
500, 37, 38, 256
501, 215, 63, 248
502, 142, 69, 256
503, 136, 238, 270
504, 69, 37, 256
505, 144, 145, 250
506, 11, 12, 249
507, 136, 137, 265
508, 242, 149, 259
509, 233, 159, 248
510, 6, 7, 251
511, 25, 26, 252
512, 195, 194, 252
513, 224, 180, 253
514, 49, 50, 253
515, 243, 151, 272
516, 47, 48, 254
517, 8, 9, 255
518, 235, 204, 258
519, 238, 136, 265
520, 151, 142, 256
521, 240, 60, 263
522, 239, 32, 262
523, 164, 244, 267
524, 112, 110, 257
525, 109, 122, 258
526, 81, 23, 261
527, 33, 168, 262
528, 52, 80, 260
529, 5, 82, 263
530, 35, 36, 264
531, 63, 249, 271
532, 122, 235, 258
533, 71, 238, 265
534, 196, 193, 266
535, 123, 105, 268
536, 199, 197, 269
537, 149, 234, 259
538, 139, 141, 271
539, 39, 61, 272
540, 188, 229, 267
541, 82, 240, 263
542, 168, 239, 262
543, 61, 243, 272
544, 167, 242, 259
545, 238, 208, 270
546, 244, 188, 267
547, 242, 79, 273
548, 249, 139, 271
*ELSET,ELSET=inlet
51, 52, 53, 54, 55, 56, 57, 58, 59, 60, 
*ELSET,ELSET=outlet
21, 22, 23, 24, 25, 26, 27, 28, 29, 30, 
*ELSET,ELSET=top_wall
31, 32, 33, 34, 35, 36, 37, 38, 39, 40, 
41, 42, 43, 44, 45, 46, 47, 48, 49, 50, 
*ELSET,ELSET=bottom_wall
1, 2, 3, 4, 5, 6, 7, 8, 9, 10, 
11, 12, 13, 14, 15, 16, 17, 18, 19, 20, 
