%  Matlab mesh
% test1, Created by Gmsh
% ASCII
clear msh;
msh.nbNod = 273;
msh.POS = [
-0 0 0;
-0 1 0;
2 0 0;
2 1 0;
0.0999999999997993 0 0;
0.1999999999996293 0 0;
0.2999999999994072 0 0;
0.3999999999991157 0 0;
0.4999999999988242 0 0;
0.5999999999985328 0 0;
0.6999999999982413 0 0;
0.7999999999979498 0 0;
0.8999999999976585 0 0;
0.9999999999973885 0 0;
1.09999999999763 0 0;
1.199999999997894 0 0;
1.299999999998157 0 0;
1.39999999999842 0 0;
1.499999999998683 0 0;
1.599999999998947 0 0;
1.69999999999921 0 0;
1.799999999999474 0 0;
1.899999999999737 0 0;
2 0.09999999999981467 0;
2 0.1999999999995579 0;
2 0.2999999999992664 0;
2 0.3999999999989749 0;
2 0.4999999999986943 0;
2 0.5999999999989468 0;
2 0.69999999999921 0;
2 0.7999999999994734 0;
2 0.8999999999997368 0;
1.899999999999584 1 0;
1.799999999999167 1 0;
1.699999999999306 1 0;
1.6 1 0;
1.500000000000693 1 0;
1.400000000001387 1 0;
1.30000000000208 1 0;
1.200000000002774 1 0;
1.100000000003467 1 0;
1.000000000004117 1 0;
0.9000000000037447 1 0;
0.8000000000033287 1 0;
0.7000000000029127 1 0;
0.6000000000024965 1 0;
0.5000000000020806 1 0;
0.4000000000016644 1 0;
0.3000000000012482 1 0;
0.200000000000832 1 0;
0.100000000000416 1 0;
0 0.8999999999995836 0;
0 0.7999999999999998 0;
0 0.7000000000006934 0;
0 0.6000000000013869 0;
0 0.5000000000020587 0;
0 0.4000000000016644 0;
0 0.3000000000012483 0;
0 0.2000000000008322 0;
0 0.100000000000416 0;
1.250000000002427 0.9133974596221568 0;
0.9500000000039523 0.9133974596216966 0;
0.6514827134074954 0.07387544490087683 0;
1.449999999998685 0.08660254037874268 0;
1.149999999998067 0.08660254037905342 0;
0.5365925173298548 0.9059433958844841 0;
1.913397459621568 0.5499999999988205 0;
0.08660254037834822 0.4500000000016676 0;
1.554627750399832 0.9119606816411482 0;
0.3490798000981196 0.08885430207259609 0;
0.9562049030908232 0.08363004352221221 0;
0.08660254037796618 0.6500000000010917 0;
1.913397459621809 0.3499999999991207 0;
1.649999999999101 0.08660254037863194 0;
0.7500000000031207 0.9133974596211959 0;
0.3490798000990229 0.9111456979281334 0;
1.736531710925297 0.90939007620596 0;
0.08613067098695333 0.2508173017627077 0;
1.918248554029081 0.7443419490532103 0;
0.08436963044100407 0.8461324865404923 0;
1.846132486540052 0.08436963044169295 0;
0.1591825619058593 0.09056972474478242 0;
0.08652389547988566 0.3501362169619352 0;
0.1731919732735693 0.4000227028286728 0;
0.1732028961758588 0.5000037838061302 0;
0.2598050724573318 0.4500044144405129 0;
0.2598068322581242 0.5500013663754753 0;
0.3464096052537202 0.500000963470641 0;
0.3464101615127556 0.4000000000022273 0;
0.4338620699521499 0.4491912461713757 0;
0.433331420997746 0.5499127848016847 0;
0.5196152422691073 0.5000000000022228 0;
0.5196152422692343 0.4000000000024254 0;
0.6062514219964046 0.4500582650639411 0;
0.6063668351327793 0.5500379021174662 0;
0.6928636204134563 0.4999937731796975 0;
0.692866785164188 0.4000669381038559 0;
0.7794378233250937 0.4500101185489935 0;
0.7794714449031309 0.5499319866313743 0;
0.8660359940190754 0.4999903508651667 0;
0.8660296621420748 0.4000000782375203 0;
0.952630418926834 0.4499984048523032 0;
0.952629055130315 0.5499990438557172 0;
1.039231082161706 0.4999995747865554 0;
1.036513589511482 0.5952934763208828 0;
1.12538030868325 0.5492155085197932 0;
1.125757671815573 0.449869180553048 0;
1.212347553739789 0.4998474481808036 0;
1.210335743636662 0.4035426099437509 0;
1.296616193131928 0.4541283122163399 0;
1.298619784991033 0.5506626267348098 0;
1.383110000175155 0.5043617923541401 0;
1.385149151625577 0.6008374031834278 0;
1.471739496379958 0.5508665325917642 0;
1.461869931973216 0.439002614519303 0;
1.55837246530468 0.500631714970048 0;
1.566250491778454 0.6051060910360142 0;
1.558845726809117 0.4000000000036332 0;
1.299038105674325 0.3500000000032191 0;
1.646708952850376 0.452425476280634 0;
1.113944135290537 0.6576617695197645 0;
1.126413457073936 0.3518910820454465 0;
0.9490628382975941 0.6436794080048297 0;
1.646141082640096 0.3512403090107 0;
1.556763808885571 0.3071861609957616 0;
1.298982844795135 0.6500911096913093 0;
1.385549520167884 0.7001547521475129 0;
0.9526290663484784 0.3499997471835535 0;
0.8660263005404019 0.2999999709053602 0;
1.731752731170689 0.4006109642178499 0;
1.740191612751342 0.3074483040854761 0;
1.733568350378259 0.5018426398794176 0;
1.299911167501821 0.7484865313120675 0;
1.386668428331006 0.7982191015821309 0;
1.474973849354793 0.7498903615699631 0;
0.958501642198633 0.2439349449505956 0;
0.8609593499220256 0.1981176610020568 0;
0.7785786705537607 0.2496862719863671 0;
0.773914923030818 0.1552965108053189 0;
1.818653347943919 0.4500000000039588 0;
0.6933923248276279 0.206121384209121 0;
1.470216438068428 0.848300581562453 0;
1.561283606743081 0.8062996031687787 0;
1.645038229171951 0.8588330919618278 0;
1.651454032784656 0.7630381940440107 0;
1.565595713169354 0.7064305150153143 0;
1.664709029350204 0.6645407741082202 0;
1.753045818630807 0.7391813702093535 0;
1.760333615316126 0.6273934715099001 0;
1.653485642669657 0.5639211426986923 0;
1.39033871720756 0.8912565073248553 0;
0.173111143794941 0.3001627035934732 0;
0.1703018238314087 0.1994089234458575 0;
0.260048372975119 0.2499286045085688 0;
0.2569715489349844 0.1494939110585624 0;
0.347906705615791 0.1968747814209928 0;
0.4424256390383497 0.1466966792848179 0;
0.4373701490547937 0.2466816592153707 0;
0.5251933847196749 0.196168074290009 0;
0.5228389764055457 0.2960890354478246 0;
0.3490115424119927 0.298646614131628 0;
1.050000000003827 0.9133974596219377 0;
1.000001949315817 0.8276703783149557 0;
0.9000936964885146 0.8349282362110202 0;
1.100021503105365 0.8256443449373643 0;
1.054137200304786 0.7458921081653447 0;
1.917861601387825 0.6527628628521369 0;
1.847566107873437 0.9166940484780925 0;
1.802202980613602 0.833810652814357 0;
1.212435565295855 0.7000000000025494 0;
1.209135428020649 0.8090579495082311 0;
0.08660217628137371 0.5500006306356537 0;
0.1732045244972403 0.6000009634701255 0;
0.2598073969450288 0.6500003883084742 0;
0.1732049506813357 0.7000002252969383 0;
0.2598075620901291 0.7500001022683174 0;
0.3465099673111699 0.7000000817638791 0;
0.3471636518065789 0.8025173993927753 0;
0.43339647899148 0.7506177369708824 0;
0.2598076211336156 0.8500000000011085 0;
0.4381125475125973 0.8517843729826284 0;
0.5204787309217752 0.8005203318661893 0;
0.5201625487922554 0.7002456981484624 0;
0.6058392339680638 0.7482067312912961 0;
0.6064420056569115 0.6497295537845996 0;
0.693080348583311 0.6994504549910079 0;
0.6971289301007323 0.8143873215730781 0;
0.7811011157869219 0.7454658124043189 0;
0.4333998300579708 0.6501262858158767 0;
0.6500000000028141 0.9133974596212592 0;
0.8500056909949827 0.9145619293589393 0;
1.749355414422747 0.08623038872245987 0;
1.799247983493382 0.1674720590317665 0;
1.907884013023893 0.1621220559094091 0;
1.836949308462799 0.2592938530580713 0;
1.699491312025644 0.1660901665057847 0;
1.599639297710296 0.1657615606401829 0;
1.549939882950772 0.0853619536924799 0;
1.499929863442742 0.1662985691095316 0;
1.399988310572726 0.1720539954828191 0;
1.463419078931995 0.2612584523278084 0;
1.350755921717895 0.2600438689741141 0;
1.300124038714153 0.1730526078515358 0;
1.249986344350299 0.2556707569748016 0;
1.40216421355244 0.3466059694533168 0;
1.200006704509392 0.1727244560699094 0;
1.250021790536027 0.08649702411325674 0;
1.100939497607347 0.1666828393678521 0;
0.6928040024324762 0.3001453212908928 0;
1.474124032132049 0.6515816256608361 0;
1.051427546339667 0.0851390703313057 0;
1.2102850321326 0.6012464104415048 0;
0.7792905406929991 0.3499847831788316 0;
0.8655080357756294 0.5988164834673297 0;
0.5384684705533945 0.09141159411724556 0;
1.039315363477635 0.4002929982373074 0;
1.046273803611676 0.3049799335320914 0;
1.350022356636361 0.08636769463772571 0;
1.151526155189751 0.9102495356149484 0;
0.3465441754706267 0.6000069784226718 0;
0.08623036704271969 0.7493554519732815 0;
0.2598076211348589 0.350000000002633 0;
0.1727708686907022 0.7992480443465941 0;
0.1628790287177837 0.9078840217177714 0;
0.6929672095479102 0.5998108711449092 0;
0.5198863138177949 0.6000087041117187 0;
0.7797330057171155 0.6488420273200869 0;
0.6065412457896198 0.349675984975113 0;
0.8626608708636461 0.6923457364783663 0;
0.4364471657097319 0.3468241898819598 0;
0.853007019296631 0.09516541649879795 0;
1.929089653437459 0.4499999999999139 0;
0.6064911141031863 0.2478958756053879 0;
1.815237891450489 0.5489130437243486 0;
1.139200442817734 0.2572949963346022 0;
1.813161467470112 0.3509034319774229 0;
0.9492355022635899 0.7432576498950846 0;
1.007971140141421 0.1610875206880779 0;
1.905671323950469 0.8417995820682622 0;
0.08212753751746361 0.1530678781042413 0;
1.648344474240214 0.255016377768283 0;
1.836500015189298 0.6973803684748494 0;
1.306948280633281 0.8446690984237448 0;
0.8024556094493109 0.835075415141833 0;
0.6011918171948203 0.8383348635797758 0;
1.137916512461311 0.7471687836517069 0;
1.487251569626034 0.3500000000036115 0;
0.6147824842213673 0.1575724676250196 0;
0.7499999999980953 0.06955234963831383 0;
1.717654554425263 0.8208506770471017 0;
0.2530467821876 0.06578358757518819 0;
1.9316461562217 0.2542831817930851 0;
0.2511331971036693 0.9332191893036197 0;
0.4500000000018724 0.9347437364672785 0;
0.4459947819375608 0.06539251509493191 0;
1.46303658113558 0.9303035541056913 0;
1.373297004014281 0.4213798151640696 0;
1.202548376892417 0.3226313054810656 0;
1.848666116593061 0.6152899493120112 0;
0.07320508075687601 0.9267949192431241 0;
1.926794919242843 0.07320508075703691 0;
1.926794919242813 0.926794919242854 0;
0.07320508075664378 0.07320508075680904 0;
1.649281429117631 0.9393807950768711 0;
0.9290074415065622 0.1584045600020602 0;
1.749999999999335 0.2280145523763055 0;
0.8505485337305063 0.771825554380384 0;
1.022927405781579 0.6717622392750283 0;
1.549999999999038 0.2270526580524261 0;
1.050577305275362 0.2267960469746438 0;
0.7001442704234888 0.1315491889041928 0;
1.323562467547499 0.930340067341298 0;
1.844886705894355 0.7709555048901131 0;
];
msh.MAX = max(msh.POS);
msh.MIN = min(msh.POS);
msh.LINES =[
 1 5 0
 5 6 0
 6 7 0
 7 8 0
 8 9 0
 9 10 0
 10 11 0
 11 12 0
 12 13 0
 13 14 0
 14 15 0
 15 16 0
 16 17 0
 17 18 0
 18 19 0
 19 20 0
 20 21 0
 21 22 0
 22 23 0
 23 3 0
 3 24 0
 24 25 0
 25 26 0
 26 27 0
 27 28 0
 28 29 0
 29 30 0
 30 31 0
 31 32 0
 32 4 0
 4 33 0
 33 34 0
 34 35 0
 35 36 0
 36 37 0
 37 38 0
 38 39 0
 39 40 0
 40 41 0
 41 42 0
 42 43 0
 43 44 0
 44 45 0
 45 46 0
 46 47 0
 47 48 0
 48 49 0
 49 50 0
 50 51 0
 51 2 0
 2 52 0
 52 53 0
 53 54 0
 54 55 0
 55 56 0
 56 57 0
 57 58 0
 58 59 0
 59 60 0
 60 1 0
];
msh.TRIANGLES =[
 132 149 150 0
 73 140 236 0
 140 73 232 0
 67 140 232 0
 140 67 234 0
 171 61 219 0
 187 75 190 0
 66 181 182 0
 165 171 219 0
 159 157 215 0
 153 82 155 0
 149 132 234 0
 75 187 244 0
 181 66 254 0
 215 157 255 0
 147 117 150 0
 146 117 147 0
 24 25 194 0
 50 51 224 0
 149 147 150 0
 155 82 251 0
 115 205 247 0
 116 120 150 0
 146 135 210 0
 205 115 257 0
 131 195 236 0
 155 70 156 0
 178 76 180 0
 195 131 266 0
 24 194 261 0
 224 51 260 0
 69 143 144 0
 187 190 245 0
 156 70 157 0
 76 178 181 0
 122 217 235 0
 61 171 243 0
 117 146 210 0
 168 169 239 0
 117 116 150 0
 120 132 150 0
 137 139 231 0
 69 142 143 0
 77 144 250 0
 144 77 264 0
 143 135 146 0
 82 153 240 0
 166 121 246 0
 90 89 230 0
 235 217 270 0
 121 166 268 0
 137 231 265 0
 209 228 233 0
 201 125 247 0
 239 169 273 0
 154 161 222 0
 187 188 244 0
 178 179 181 0
 195 73 236 0
 125 201 269 0
 66 182 245 0
 169 148 273 0
 202 119 204 0
 148 169 250 0
 181 179 182 0
 89 161 230 0
 144 143 145 0
 156 157 158 0
 171 165 246 0
 119 202 205 0
 93 160 228 0
 161 89 222 0
 154 156 161 0
 93 90 230 0
 228 160 233 0
 182 179 183 0
 145 143 146 0
 158 157 159 0
 160 93 230 0
 156 158 161 0
 189 177 220 0
 180 76 253 0
 70 155 251 0
 73 195 252 0
 91 92 226 0
 141 209 233 0
 91 189 220 0
 179 177 189 0
 182 183 184 0
 145 146 147 0
 158 159 160 0
 189 91 226 0
 183 179 189 0
 184 183 185 0
 145 147 148 0
 92 95 226 0
 184 185 186 0
 148 147 149 0
 184 186 187 0
 187 186 188 0
 14 15 211 0
 68 83 84 0
 65 206 208 0
 206 65 207 0
 68 57 83 0
 56 57 68 0
 65 16 207 0
 71 14 211 0
 152 78 153 0
 16 17 207 0
 67 29 167 0
 56 68 172 0
 15 65 211 0
 42 43 62 0
 17 18 218 0
 28 29 67 0
 83 78 152 0
 58 78 83 0
 164 62 191 0
 170 121 212 0
 172 85 173 0
 85 87 173 0
 55 56 172 0
 207 17 218 0
 152 153 154 0
 57 58 83 0
 72 55 172 0
 34 77 168 0
 62 43 191 0
 30 79 167 0
 68 84 85 0
 34 35 77 0
 168 77 169 0
 175 174 176 0
 33 34 168 0
 64 198 199 0
 192 81 193 0
 64 199 200 0
 154 153 155 0
 46 66 190 0
 22 81 192 0
 29 30 167 0
 121 106 212 0
 192 193 196 0
 193 81 194 0
 68 85 172 0
 44 45 75 0
 30 31 79 0
 135 127 210 0
 127 113 210 0
 154 155 156 0
 173 174 175 0
 65 208 211 0
 75 45 190 0
 193 194 195 0
 198 197 199 0
 44 75 191 0
 42 62 162 0
 200 199 201 0
 64 19 198 0
 74 192 196 0
 58 59 78 0
 126 170 212 0
 111 126 212 0
 133 127 134 0
 74 197 198 0
 101 98 213 0
 173 87 174 0
 126 127 133 0
 126 113 127 0
 105 106 121 0
 18 64 218 0
 48 49 76 0
 134 142 151 0
 22 23 81 0
 162 163 165 0
 74 21 192 0
 111 113 126 0
 97 209 213 0
 202 201 205 0
 111 112 113 0
 134 135 142 0
 108 110 111 0
 114 117 210 0
 43 44 191 0
 113 114 210 0
 120 130 132 0
 114 116 117 0
 72 172 173 0
 20 74 198 0
 200 201 202 0
 74 196 197 0
 20 21 74 0
 137 129 138 0
 15 16 65 0
 137 138 139 0
 21 22 192 0
 139 138 141 0
 98 97 213 0
 103 104 105 0
 111 110 112 0
 105 104 106 0
 134 127 135 0
 106 108 212 0
 18 19 64 0
 132 130 140 0
 129 101 213 0
 113 112 114 0
 162 62 163 0
 45 46 190 0
 46 47 66 0
 7 8 70 0
 108 111 212 0
 170 133 171 0
 19 20 198 0
 141 138 209 0
 103 105 123 0
 203 202 204 0
 126 133 170 0
 136 129 137 0
 92 90 93 0
 99 100 214 0
 106 107 108 0
 165 163 166 0
 142 135 143 0
 100 103 214 0
 120 124 130 0
 108 109 110 0
 96 94 97 0
 100 102 103 0
 114 115 116 0
 116 118 120 0
 103 102 104 0
 138 129 213 0
 200 202 203 0
 128 101 129 0
 100 101 102 0
 203 204 206 0
 99 98 100 0
 103 123 214 0
 9 10 215 0
 96 98 99 0
 100 98 101 0
 92 93 94 0
 106 104 107 0
 96 97 98 0
 128 129 136 0
 209 138 213 0
 102 101 128 0
 108 107 109 0
 10 11 63 0
 95 94 96 0
 104 102 216 0
 36 37 69 0
 130 124 131 0
 114 112 115 0
 85 84 86 0
 102 128 216 0
 110 109 119 0
 5 6 82 0
 39 40 61 0
 26 27 73 0
 176 174 177 0
 91 90 92 0
 107 104 216 0
 52 53 80 0
 120 118 124 0
 116 115 118 0
 92 94 95 0
 216 128 217 0
 10 63 215 0
 88 86 89 0
 109 107 122 0
 122 107 216 0
 128 136 217 0
 203 206 207 0
 163 62 164 0
 84 83 152 0
 88 89 90 0
 122 216 217 0
 64 200 218 0
 124 118 125 0
 177 174 220 0
 88 90 91 0
 178 177 179 0
 200 203 218 0
 72 173 175 0
 54 55 72 0
 176 178 180 0
 87 86 88 0
 176 177 178 0
 85 86 87 0
 13 14 71 0
 203 207 218 0
 40 41 219 0
 61 40 219 0
 41 42 162 0
 174 87 220 0
 87 88 220 0
 53 54 221 0
 80 221 223 0
 80 53 221 0
 162 165 219 0
 54 72 221 0
 88 91 220 0
 152 154 222 0
 41 162 219 0
 86 84 222 0
 221 175 223 0
 72 175 221 0
 84 152 222 0
 89 86 222 0
 175 176 223 0
 176 180 223 0
 80 223 224 0
 223 180 224 0
 185 95 225 0
 95 96 225 0
 185 183 226 0
 186 185 225 0
 96 99 225 0
 183 189 226 0
 209 97 228 0
 94 93 228 0
 186 225 227 0
 225 99 227 0
 95 185 226 0
 99 214 227 0
 188 186 227 0
 227 214 229 0
 188 227 229 0
 97 94 228 0
 214 123 229 0
 148 149 242 0
 141 248 271 0
 12 13 231 0
 28 67 232 0
 73 27 232 0
 206 204 235 0
 140 130 236 0
 158 160 230 0
 161 158 230 0
 159 215 248 0
 166 163 237 0
 71 211 238 0
 153 78 240 0
 31 32 239 0
 59 60 240 0
 124 125 241 0
 132 140 234 0
 13 71 231 0
 27 28 232 0
 160 159 233 0
 208 206 235 0
 130 131 236 0
 134 151 243 0
 171 133 243 0
 164 191 244 0
 197 196 241 0
 12 231 249 0
 248 63 271 0
 157 70 255 0
 76 181 254 0
 163 164 237 0
 184 187 245 0
 229 123 237 0
 211 208 238 0
 79 31 239 0
 78 59 240 0
 69 144 264 0
 131 124 241 0
 118 115 247 0
 204 119 258 0
 231 139 249 0
 63 11 249 0
 231 71 265 0
 7 70 251 0
 82 6 251 0
 76 49 253 0
 26 73 252 0
 141 233 248 0
 119 205 257 0
 48 76 254 0
 66 47 254 0
 70 8 255 0
 9 215 255 0
 145 148 250 0
 121 170 246 0
 151 38 272 0
 110 119 257 0
 115 112 257 0
 119 109 258 0
 167 79 242 0
 3 24 261 0
 23 3 261 0
 194 81 261 0
 2 52 260 0
 4 33 262 0
 32 4 262 0
 60 1 263 0
 1 5 263 0
 51 2 260 0
 80 224 260 0
 77 35 264 0
 36 69 264 0
 205 201 247 0
 38 39 272 0
 201 199 269 0
 105 121 268 0
 193 195 266 0
 148 242 273 0
 169 77 250 0
 67 167 259 0
 166 237 268 0
 241 196 266 0
 133 134 243 0
 191 75 244 0
 241 125 269 0
 234 67 259 0
 131 241 266 0
 170 171 246 0
 190 66 245 0
 208 235 270 0
 217 136 270 0
 182 184 245 0
 237 123 268 0
 237 164 267 0
 229 237 267 0
 165 166 246 0
 38 151 256 0
 79 239 273 0
 197 241 269 0
 125 118 247 0
 50 224 253 0
 194 25 252 0
 37 38 256 0
 215 63 248 0
 142 69 256 0
 136 238 270 0
 69 37 256 0
 144 145 250 0
 11 12 249 0
 136 137 265 0
 242 149 259 0
 233 159 248 0
 6 7 251 0
 25 26 252 0
 195 194 252 0
 224 180 253 0
 49 50 253 0
 243 151 272 0
 47 48 254 0
 8 9 255 0
 235 204 258 0
 238 136 265 0
 151 142 256 0
 240 60 263 0
 239 32 262 0
 164 244 267 0
 112 110 257 0
 109 122 258 0
 81 23 261 0
 33 168 262 0
 52 80 260 0
 5 82 263 0
 35 36 264 0
 63 249 271 0
 122 235 258 0
 71 238 265 0
 196 193 266 0
 123 105 268 0
 199 197 269 0
 149 234 259 0
 139 141 271 0
 39 61 272 0
 188 229 267 0
 82 240 263 0
 168 239 262 0
 61 243 272 0
 167 242 259 0
 238 208 270 0
 244 188 267 0
 242 79 273 0
 249 139 271 0
];
msh.PNT =[
 1 0
 2 0
 3 0
 4 0
];
