NDIME= 2
NELEM= 22
5 5 6 12 0
5 9 10 13 1
5 5 12 13 2
5 12 9 13 3
5 12 6 14 4
5 13 10 15 5
5 4 5 13 6
5 8 9 12 7
5 1 11 15 8
5 2 7 14 9
5 10 1 15 10
5 6 2 14 11
5 4 13 17 12
5 8 12 16 13
5 13 15 17 14
5 12 14 16 15
5 11 0 17 16
5 7 3 16 17
5 3 8 16 18
5 0 4 17 19
5 14 7 16 20
5 15 11 17 21
NPOIN= 18
-0 0 0
-0 1 1
2 0 2
2 1 3
0.4999999999988241 0 4
0.999999999997388 0 5
1.499999999998683 0 6
2 0.499999999998694 7
1.500000000000693 1 8
1.000000000004118 1 9
0.5000000000020808 1 10
0 0.5000000000020591 11
1.250000000002406 0.5669872981107471 12
0.7499999999981062 0.4330127018909756 13
1.671274166920741 0.3668411415815885 14
0.3287258330794033 0.6331588584189152 15
1.710093933138635 0.7110089675963138 16
0.2899060668612339 0.2889910324041134 17
NMARK= 4
MARKER_TAG= inlet
MARKER_ELEMS= 2
3 1 11 
3 11 0 
MARKER_TAG= outlet
MARKER_ELEMS= 2
3 2 7 
3 7 3 
MARKER_TAG= top_wall
MARKER_ELEMS= 4
3 3 8 
3 8 9 
3 9 10 
3 10 1 
MARKER_TAG= bottom_wall
MARKER_ELEMS= 4
3 0 4 
3 4 5 
3 5 6 
3 6 2 
